[0.000247955322265625, 0.001897651746138651]
[0.000247955322265625, 0.000247955322265625, 0.001897811762432422]
[0.000247955322265625, 0.00048046894334241586]
[0.000247955322265625, 0.000247955322265625, 0.00048062918683977607]
[0.000247955322265625, 0.000247955322265625, 0.001923957873795512]
[0.000247955322265625, 0.000247955322265625, 0.000247955322265625, 0.0019241229132699322]
[0.000247955322265625, 0.0004812110647112178, 0.000247955322265625]
[0.000247955322265625, 0.000247955322265625, 0.0019249487818520095]
[0.000247955322265625, 0.000247955322265625, 0.0004812110647112178, 0.000247955322265625]
[0.000247955322265625, 0.000247955322265625, 0.000247955322265625, 0.0019249487818520095]
[0.000247955322265625, 0.0004812110647112178, 0.0019249487818520095]
[0.000255584716796875, 0.000247955322265625, 0.001944586647895985]
[0.000255584716796875, 0.000255584716796875, 0.000247955322265625, 0.0019446709330999123]
[0.000255584716796875, 0.000247955322265625, 0.0004901742596081782]
[0.000255584716796875, 0.0019456832563755633, 0.000247955322265625]
[0.000255584716796875, 0.000255584716796875, 0.0019458521387749617, 0.000247955322265625]
[0.000255584716796875, 0.000247955322265625, 0.000255584716796875, 0.000490339536169504]
[0.000255584716796875, 0.000247955322265625, 0.0004909397421961614, 0.000255584716796875]
[0.000255584716796875, 0.000247955322265625, 0.000247955322265625, 0.0019594975380679003]
[0.000255584716796875, 0.000247955322265625, 0.000255584716796875, 0.0004909397421961614, 0.000255584716796875]
[0.000255584716796875, 0.000255584716796875, 0.000247955322265625, 0.000247955322265625, 0.0019594975380679003]
[0.000255584716796875, 0.000247955322265625, 0.0004909397421961614, 0.0019594975380679003]
[0.000255584716796875, 0.000247955322265625, 0.000385049155005146]
[0.000255584716796875, 0.000255584716796875, 0.000247955322265625, 0.000385133571910945]
[0.000255584716796875, 0.000247955322265625, 0.0003851429644255999, 0.000255584716796875]
[0.000255584716796875, 0.000247955322265625, 0.000255584716796875, 0.0019667027225965805]
[0.000255584716796875, 0.000255584716796875, 0.000247955322265625, 0.0003851429644255999, 0.000255584716796875]
[0.000255584716796875, 0.000255584716796875, 0.000247955322265625, 0.000255584716796875, 0.0019667027225965805]
[0.000255584716796875, 0.000247955322265625, 0.0003851429644255999, 0.0019667027225965805]
[0.000255584716796875, 0.000255584716796875, 0.000247955322265625, 0.001979520667601653]
[0.000255584716796875, 0.000255584716796875, 0.000255584716796875, 0.000247955322265625, 0.00197960766951355]
[0.000255584716796875, 0.0004917420763352887, 0.000247955322265625]
[0.000255584716796875, 0.000255584716796875, 0.0004919112047583329, 0.000247955322265625]
[0.000255584716796875, 0.000255584716796875, 0.0019806526372081468, 0.000247955322265625]
[0.000255584716796875, 0.000255584716796875, 0.000255584716796875, 0.001980826968238425, 0.000247955322265625]
[0.000255584716796875, 0.0005001537822669766, 0.000255584716796875, 0.000247955322265625]
[0.000255584716796875, 0.000255584716796875, 0.0019816993520969106, 0.000247955322265625]
[0.000255584716796875, 0.000255584716796875, 0.0005001537822669766, 0.000255584716796875, 0.000247955322265625]
[0.000255584716796875, 0.000255584716796875, 0.000255584716796875, 0.0019816993520969106, 0.000247955322265625]
[0.000255584716796875, 0.0005001537822669766, 0.0019816993520969106, 0.000247955322265625]
[0.000263214111328125, 0.000255584716796875, 0.000255584716796875, 0.000386143718942078]
[0.000263214111328125, 0.0019872234446716153, 0.000247955322265625]
[0.000263214111328125, 0.000263214111328125, 0.001987399610430818, 0.000247955322265625]
[0.000263214111328125, 0.000255584716796875, 0.000263214111328125, 0.000255584716796875, 0.000386230859755865]
[0.000263214111328125, 0.000255584716796875, 0.002002017553384583, 0.000255584716796875]
[0.000263214111328125, 0.000255584716796875, 0.000255584716796875, 0.0003862405555545845, 0.000263214111328125]
[0.000263214111328125, 0.000263214111328125, 0.000255584716796875, 0.0020021066364290796, 0.000255584716796875]
[0.000263214111328125, 0.000255584716796875, 0.000255584716796875, 0.000255584716796875, 0.0020021066364290796]
[0.000263214111328125, 0.000255584716796875, 0.000263214111328125, 0.000255584716796875, 0.0003862405555545845, 0.000263214111328125]
[0.000263214111328125, 0.000263214111328125, 0.000255584716796875, 0.000255584716796875, 0.000255584716796875, 0.0020021066364290796]
[0.000263214111328125, 0.000255584716796875, 0.000255584716796875, 0.0003862405555545845, 0.0020021066364290796]
[0.000263214111328125, 0.000255584716796875, 0.0005015633854048573, 0.000255584716796875]
[0.000263214111328125, 0.000255584716796875, 0.000263214111328125, 0.0005017379747980222, 0.000255584716796875]
[0.000263214111328125, 0.0005022937426848451, 0.000247955322265625]
[0.000263214111328125, 0.000255584716796875, 0.000502372100174231, 0.000263214111328125, 0.000255584716796875]
[0.000263214111328125, 0.000255584716796875, 0.000255584716796875, 0.002009724800933199, 0.000255584716796875]
[0.000263214111328125, 0.000255584716796875, 0.000263214111328125, 0.000502372100174231, 0.000263214111328125, 0.000255584716796875]
[0.000263214111328125, 0.000263214111328125, 0.000255584716796875, 0.000255584716796875, 0.002009724800933199, 0.000255584716796875]
[0.000263214111328125, 0.000255584716796875, 0.000502372100174231, 0.002009724800933199, 0.000255584716796875]
[0.000263214111328125, 0.000255584716796875, 0.00039459942596875575, 0.000255584716796875]
[0.000263214111328125, 0.000263214111328125, 0.0005024701705587109, 0.000247955322265625]
[0.000263214111328125, 0.000263214111328125, 0.000255584716796875, 0.00039468865249436824, 0.000255584716796875]
[0.000263214111328125, 0.000255584716796875, 0.0003946985805262093, 0.000263214111328125, 0.000255584716796875]
[0.000263214111328125, 0.000255584716796875, 0.000263214111328125, 0.0020249635745317462, 0.000255584716796875]
[0.000263214111328125, 0.000263214111328125, 0.000255584716796875, 0.0003946985805262093, 0.000263214111328125, 0.000255584716796875]
[0.000263214111328125, 0.000263214111328125, 0.000255584716796875, 0.000263214111328125, 0.0020249635745317462, 0.000255584716796875]
[0.000263214111328125, 0.000255584716796875, 0.0003946985805262093, 0.0020249635745317462, 0.000255584716796875]
[0.000263214111328125, 0.000263214111328125, 0.0020230502646846338, 0.000247955322265625]
[0.000263214111328125, 0.000263214111328125, 0.000263214111328125, 0.0020232322384092782, 0.000247955322265625]
[0.000263214111328125, 0.000510739313589581, 0.000263214111328125, 0.000247955322265625]
[0.000263214111328125, 0.000263214111328125, 0.002024142884200164, 0.000247955322265625]
[0.000263214111328125, 0.000263214111328125, 0.000510739313589581, 0.000263214111328125, 0.000247955322265625]
[0.000263214111328125, 0.000263214111328125, 0.000263214111328125, 0.002024142884200164, 0.000247955322265625]
[0.000263214111328125, 0.000510739313589581, 0.002024142884200164, 0.000247955322265625]
[0.000263214111328125, 0.000263214111328125, 0.000255584716796875, 0.0020304618475264213, 0.000255584716796875]
[0.000263214111328125, 0.000263214111328125, 0.000263214111328125, 0.000255584716796875, 0.0020305538852887217, 0.000255584716796875]
[0.000263214111328125, 0.000263214111328125, 0.0020450209336759784, 0.000255584716796875]
[0.000263214111328125, 0.000263214111328125, 0.000263214111328125, 0.002045113966297585, 0.000255584716796875]
[0.000263214111328125, 0.00048046894334241586]
[0.000263214111328125, 0.000263214111328125, 0.000247955322265625]
[0.000263214111328125, 0.000263214111328125, 0.0005122103974946057, 0.000255584716796875]
[0.000263214111328125, 0.000263214111328125, 0.00048062918683977607]
[0.000270843505859375, 0.000263214111328125, 0.000263214111328125, 0.00039575683200832046, 0.000263214111328125]
[0.000270843505859375, 0.002046231402466736, 0.000255584716796875, 0.000263214111328125]
[0.000270843505859375, 0.000270843505859375, 0.002046417829542402, 0.000255584716796875, 0.000263214111328125]
[0.000270843505859375, 0.000263214111328125, 0.000263214111328125, 0.000247955322265625]
[0.000270843505859375, 0.000263214111328125, 0.000263214111328125, 0.0005123926467096585, 0.000255584716796875]
[0.000270843505859375, 0.000263214111328125, 0.000270843505859375, 0.000263214111328125, 0.00039584902053135806, 0.000263214111328125]
[0.000270843505859375, 0.001897651746138651]
[0.000270843505859375, 0.006859138593072744]
[0.000270843505859375, 0.029308360558662816]
[0.000270843505859375, 0.000270843505859375, 0.000247955322265625]
[0.000270843505859375, 0.000270843505859375, 0.0055288062790026515]
[0.000270843505859375, 0.006859138593072744]
[0.000270843505859375, 0.0019456832563755633, 0.000270843505859375]
[0.000270843505859375, 0.000270843505859375, 0.0293476776899384]
[0.000270843505859375, 0.030564769453587437]
[0.000270843505859375, 0.007048178254888349, 0.000270843505859375]
[0.000270843505859375, 0.000270843505859375, 0.029478330213112858]
[0.000270843505859375, 0.03509401790139366]
[0.000270843505859375, 0.000270843505859375, 0.000255584716796875, 0.000270843505859375]
[0.000270843505859375, 0.000270843505859375, 0.005677831468962835, 0.000270843505859375]
[0.000270843505859375, 0.000270843505859375, 0.000270843505859375, 0.029478330213112858]
[0.000270843505859375, 0.007048178254888349, 0.000270843505859375]
[0.000270843505859375, 0.000270843505859375, 0.029478330213112858]
[0.000270843505859375, 0.000270843505859375, 0.03388260136286103]
[0.000270843505859375, 0.03509401790139366]
[0.000270843505859375, 0.000263214111328125, 0.000263214111328125, 0.00039585927837548773, 0.000270843505859375, 0.000263214111328125]
[0.000270843505859375, 0.000263214111328125, 0.000263214111328125, 0.000263214111328125, 0.0020615386410436365, 0.000263214111328125]
[0.000270843505859375, 0.000263214111328125, 0.000270843505859375, 0.000263214111328125, 0.00039585927837548773, 0.000270843505859375, 0.000263214111328125]
[0.000270843505859375, 0.000270843505859375, 0.000263214111328125, 0.000263214111328125, 0.000263214111328125, 0.0020615386410436365, 0.000263214111328125]
[0.000270843505859375, 0.000263214111328125, 0.000263214111328125, 0.00039585927837548773, 0.0020615386410436365, 0.000263214111328125]
[0.000270843505859375, 0.000270843505859375, 0.001897811762432422]
[0.000270843505859375, 0.000270843505859375, 0.006859875978418639]
[0.000270843505859375, 0.000270843505859375, 0.029319326578477467]
[0.000270843505859375, 0.000270843505859375, 0.000270843505859375, 0.000247955322265625]
[0.000270843505859375, 0.000270843505859375, 0.000270843505859375, 0.00552938521803914]
[0.000270843505859375, 0.000270843505859375, 0.006859875978418639]
[0.000270843505859375, 0.000270843505859375, 0.0019458521387749617, 0.000270843505859375]
[0.000270843505859375, 0.000270843505859375, 0.000270843505859375, 0.02935122583863725]
[0.000270843505859375, 0.000270843505859375, 0.030568468573094476]
[0.000270843505859375, 0.000270843505859375, 0.007048956479081214, 0.000270843505859375]
[0.000270843505859375, 0.000270843505859375, 0.000270843505859375, 0.029481909308635146]
[0.000270843505859375, 0.000270843505859375, 0.03509829270627396]
[0.000270843505859375, 0.000270843505859375, 0.000270843505859375, 0.000255584716796875, 0.000270843505859375]
[0.000270843505859375, 0.000270843505859375, 0.000270843505859375, 0.0056784425163898256, 0.000270843505859375]
[0.000270843505859375, 0.000270843505859375, 0.000270843505859375, 0.000270843505859375, 0.029481909308635146]
[0.000270843505859375, 0.000270843505859375, 0.007048956479081214, 0.000270843505859375]
[0.000270843505859375, 0.000270843505859375, 0.000270843505859375, 0.029481909308635146]
[0.000270843505859375, 0.000270843505859375, 0.000270843505859375, 0.03388672664686909]
[0.000270843505859375, 0.000270843505859375, 0.03509829270627396]
[0.000270843505859375, 0.000263214111328125, 0.0004812110647112178]
[0.000270843505859375, 0.0020590912024043284, 0.000247955322265625]
[0.000270843505859375, 0.000270843505859375, 0.000263214111328125, 0.0004812110647112178]
[0.000270843505859375, 0.000270843505859375, 0.0020590912024043284, 0.000247955322265625]
[0.000270843505859375, 0.0020590912024043284, 0.0004812110647112178]
[0.000270843505859375, 0.000270843505859375, 0.000263214111328125, 0.000247955322265625]
[0.000270843505859375, 0.000270843505859375, 0.0020605020624504533, 0.000247955322265625]
[0.000270843505859375, 0.000270843505859375, 0.000270843505859375, 0.000270843505859375, 0.000247955322265625]
[0.000270843505859375, 0.000270843505859375, 0.000270843505859375, 0.0020605020624504533, 0.000247955322265625]
[0.000270843505859375, 0.000270843505859375, 0.0020605020624504533, 0.000247955322265625]
[0.000270843505859375, 0.000263214111328125, 0.0005130546767408983, 0.000263214111328125, 0.000255584716796875]
[0.000270843505859375, 0.000263214111328125, 0.000263214111328125, 0.002060690408540067, 0.000255584716796875]
[0.000270843505859375, 0.000263214111328125, 0.000270843505859375, 0.0005130546767408983, 0.000270843505859375, 0.000255584716796875]
[0.000270843505859375, 0.000270843505859375, 0.000263214111328125, 0.000263214111328125, 0.002060690408540067, 0.000255584716796875]
[0.000270843505859375, 0.000263214111328125, 0.0005130546767408983, 0.002060690408540067, 0.000255584716796875]
[0.000270843505859375, 0.000263214111328125, 0.0004037713713030966, 0.000255584716796875]
[0.000270843505859375, 0.000270843505859375, 0.000263214111328125, 0.0004038645569273136, 0.000255584716796875]
[0.000270843505859375, 0.000263214111328125, 0.0004038749257995189, 0.000270843505859375, 0.000255584716796875]
[0.000270843505859375, 0.000263214111328125, 0.000263214111328125, 0.0020686504751454837, 0.000255584716796875]
[0.000270843505859375, 0.000270843505859375, 0.000263214111328125, 0.0004038749257995189, 0.000270843505859375, 0.000255584716796875]
[0.000270843505859375, 0.000270843505859375, 0.000263214111328125, 0.000263214111328125, 0.0020686504751454837, 0.000255584716796875]
[0.000270843505859375, 0.000263214111328125, 0.0004038749257995189, 0.0020686504751454837, 0.000255584716796875]
[0.000270843505859375, 0.000263214111328125, 0.000385049155005146]
[0.000270843505859375, 0.0017890822649623273, 0.01351050487149874]
[0.000270843505859375, 0.000263214111328125, 0.000270843505859375, 0.000255584716796875]
[0.000270843505859375, 0.000270843505859375, 0.0017890822649623273, 0.013435432970980932]
[0.000270843505859375, 0.0017890822649623273, 0.01351050487149874]
[0.000270843505859375, 0.000270843505859375, 0.000263214111328125, 0.000385133571910945]
[0.000270843505859375, 0.000270843505859375, 0.0017904935067390992, 0.013524833074222808]
[0.000270843505859375, 0.000270843505859375, 0.000270843505859375, 0.000270843505859375, 0.000255584716796875]
[0.000270843505859375, 0.000270843505859375, 0.000270843505859375, 0.0017904935067390992, 0.013457219971623413]
[0.000270843505859375, 0.000270843505859375, 0.0017904935067390992, 0.013524833074222808]
[0.000270843505859375, 0.000270843505859375, 0.000270843505859375, 0.0003851429644255999]
[0.000270843505859375, 0.000270843505859375, 0.002081726984525356, 0.000255584716796875]
[0.000270843505859375, 0.0017956204131102105, 0.000270843505859375, 0.013526427279244801]
[0.000270843505859375, 0.000270843505859375, 0.000270843505859375, 0.000270843505859375, 0.0003851429644255999]
[0.000270843505859375, 0.000270843505859375, 0.000270843505859375, 0.002081726984525356, 0.000255584716796875]
[0.000270843505859375, 0.000270843505859375, 0.002081726984525356, 0.0003851429644255999]
[0.000270843505859375, 0.000270843505859375, 0.000270843505859375, 0.000270843505859375, 0.000255584716796875]
[0.000270843505859375, 0.000270843505859375, 0.0017956204131102105, 0.000270843505859375, 0.013458805016239417]
[0.000270843505859375, 0.0017956204131102105, 0.000270843505859375, 0.013526427279244801]
[0.000270843505859375, 0.000270843505859375, 0.000270843505859375, 0.002081726984525356, 0.000255584716796875]
[0.000270843505859375, 0.000270843505859375, 0.0017956204131102105, 0.000270843505859375, 0.013526427279244801]
[0.000270843505859375, 0.0017956204131102105, 0.002081726984525356, 0.013526427279244801]
[0.000270843505859375, 0.000270843505859375, 0.000270843505859375, 0.000270843505859375, 0.000270843505859375, 0.000255584716796875]
[0.000270843505859375, 0.000270843505859375, 0.000270843505859375, 0.000270843505859375, 0.002081726984525356, 0.000255584716796875]
[0.000270843505859375, 0.000270843505859375, 0.000270843505859375, 0.0017956204131102105, 0.000270843505859375, 0.013458805016239417]
[0.000270843505859375, 0.000270843505859375, 0.000270843505859375, 0.002081726984525356, 0.000255584716796875]
[0.000270843505859375, 0.000270843505859375, 0.0017956204131102105, 0.000270843505859375, 0.013526427279244801]
[0.000270843505859375, 0.000270843505859375, 0.0017956204131102105, 0.002081726984525356, 0.013458805016239417]
[0.000270843505859375, 0.0017956204131102105, 0.002081726984525356, 0.013526427279244801]
[0.000270843505859375, 0.000263214111328125, 0.000263214111328125, 0.002082015461198239, 0.000255584716796875]
[0.000270843505859375, 0.000270843505859375, 0.000263214111328125, 0.000263214111328125, 0.0020821116482181434, 0.000255584716796875]
[0.000270843505859375, 0.0005215684103754281, 0.000255584716796875, 0.000263214111328125]
[0.000270843505859375, 0.000270843505859375, 0.0005217551222724826, 0.000255584716796875, 0.000263214111328125]
[0.000270843505859375, 0.000263214111328125, 0.0004901742596081782]
[0.000270843505859375, 0.000263214111328125, 0.000270843505859375, 0.000255584716796875]
[0.000270843505859375, 0.000263214111328125, 0.000270843505859375, 0.000490339536169504]
[0.000270843505859375, 0.0020826890659081387, 0.000247955322265625]
[0.000270843505859375, 0.000270843505859375, 0.0020828816511438975, 0.000247955322265625]
[0.000270843505859375, 0.000270843505859375, 0.0020832669907719925, 0.000255584716796875, 0.000263214111328125]
[0.000270843505859375, 0.000270843505859375, 0.000270843505859375, 0.0020834597452144, 0.000255584716796875, 0.000263214111328125]
[0.000270843505859375, 0.000270843505859375, 0.000270843505859375, 0.000270843505859375, 0.000255584716796875]
[0.000270843505859375, 0.000522433412231349, 0.000270843505859375, 0.000255584716796875, 0.000263214111328125]
[0.000270843505859375, 0.000270843505859375, 0.002084424364697801, 0.000255584716796875, 0.000263214111328125]
[0.000270843505859375, 0.000270843505859375, 0.000522433412231349, 0.000270843505859375, 0.000255584716796875, 0.000263214111328125]
[0.000270843505859375, 0.000270843505859375, 0.000270843505859375, 0.002084424364697801, 0.000255584716796875, 0.000263214111328125]
[0.000270843505859375, 0.000522433412231349, 0.002084424364697801, 0.000255584716796875, 0.000263214111328125]
[0.000270843505859375, 0.000270843505859375, 0.001923957873795512]
[0.000270843505859375, 0.000270843505859375, 0.0069604203856842295]
[0.000270843505859375, 0.000270843505859375, 0.029766246822782172]
[0.000270843505859375, 0.000270843505859375, 0.000270843505859375, 0.000247955322265625]
[0.000270843505859375, 0.000270843505859375, 0.000270843505859375, 0.005611605148537868]
[0.000270843505859375, 0.000270843505859375, 0.0069604203856842295]
[0.000270843505859375, 0.000270843505859375, 0.0019806526372081468, 0.000270843505859375]
[0.000270843505859375, 0.000270843505859375, 0.000270843505859375, 0.029806561184517966]
[0.000270843505859375, 0.000270843505859375, 0.03104122070147164]
[0.000270843505859375, 0.000270843505859375, 0.007154265038236685, 0.000270843505859375]
[0.000270843505859375, 0.000270843505859375, 0.000270843505859375, 0.029933428247948424]
[0.000270843505859375, 0.000270843505859375, 0.03563749376006964]
[0.000270843505859375, 0.000270843505859375, 0.000270843505859375, 0.000255584716796875, 0.000270843505859375]
[0.000270843505859375, 0.000270843505859375, 0.000270843505859375, 0.005772003065353415, 0.000270843505859375]
[0.000270843505859375, 0.000270843505859375, 0.000270843505859375, 0.000270843505859375, 0.029933428247948424]
[0.000270843505859375, 0.000270843505859375, 0.007154265038236685, 0.000270843505859375]
[0.000270843505859375, 0.000270843505859375, 0.000270843505859375, 0.029933428247948424]
[0.000270843505859375, 0.000270843505859375, 0.000270843505859375, 0.034408679790656094]
[0.000270843505859375, 0.000270843505859375, 0.03563749376006964]
[0.000270843505859375, 0.000270843505859375, 0.000270843505859375, 0.0019241229132699322]
[0.000270843505859375, 0.000270843505859375, 0.000270843505859375, 0.006961180912982368]
[0.000270843505859375, 0.000270843505859375, 0.000270843505859375, 0.0297698974609375]
[0.000270843505859375, 0.000270843505859375, 0.000270843505859375, 0.000270843505859375, 0.000247955322265625]
[0.000270843505859375, 0.000270843505859375, 0.000270843505859375, 0.000270843505859375, 0.0056122022792418624]
[0.000270843505859375, 0.000270843505859375, 0.000270843505859375, 0.006961180912982368]
[0.000270843505859375, 0.000270843505859375, 0.000270843505859375, 0.001980826968238425, 0.000270843505859375]
[0.000270843505859375, 0.000270843505859375, 0.000270843505859375, 0.000270843505859375, 0.029810220712562785]
[0.000270843505859375, 0.000270843505859375, 0.000270843505859375, 0.031045035796542386]
[0.000270843505859375, 0.000270843505859375, 0.000270843505859375, 0.007155068370167883, 0.000270843505859375]
[0.000270843505859375, 0.000270843505859375, 0.000270843505859375, 0.000270843505859375, 0.029937120224539537]
[0.000270843505859375, 0.000270843505859375, 0.000270843505859375, 0.03564190258947819]
[0.000270843505859375, 0.000270843505859375, 0.000270843505859375, 0.000270843505859375, 0.000255584716796875, 0.000270843505859375]
[0.000270843505859375, 0.000270843505859375, 0.000270843505859375, 0.000270843505859375, 0.005772633847042963, 0.000270843505859375]
[0.000270843505859375, 0.000270843505859375, 0.000270843505859375, 0.000270843505859375, 0.000270843505859375, 0.029937120224539537]
[0.000270843505859375, 0.000270843505859375, 0.000270843505859375, 0.007155068370167883, 0.000270843505859375]
[0.000270843505859375, 0.000270843505859375, 0.000270843505859375, 0.000270843505859375, 0.029937120224539537]
[0.000270843505859375, 0.000270843505859375, 0.000270843505859375, 0.000270843505859375, 0.03441293457072647]
[0.000270843505859375, 0.000270843505859375, 0.000270843505859375, 0.03564190258947819]
[0.000270843505859375, 0.0005226223768381999, 0.000247955322265625]
[0.000270843505859375, 0.000270843505859375, 0.0019249487818520095]
[0.000270843505859375, 0.000270843505859375, 0.006972573114267355]
[0.000270843505859375, 0.000270843505859375, 0.029795588553658825]
[0.000270843505859375, 0.000270843505859375, 0.0005226223768381999, 0.000247955322265625]
[0.000270843505859375, 0.000270843505859375, 0.000270843505859375, 0.0019249487818520095]
[0.000270843505859375, 0.0005226223768381999, 0.0019249487818520095]
[0.000270843505859375, 0.0005226223768381999, 0.000270843505859375, 0.000247955322265625]
[0.000270843505859375, 0.000270843505859375, 0.000270843505859375, 0.006972573114267355]
[0.000270843505859375, 0.0005226223768381999, 0.006972573114267355]
[0.000270843505859375, 0.0005226223768381999, 0.000255584716796875, 0.000270843505859375]
[0.000270843505859375, 0.000270843505859375, 0.000270843505859375, 0.029795588553658825]
[0.000270843505859375, 0.0005226223768381999, 0.029795588553658825]
[0.000270843505859375, 0.000270843505859375, 0.000270843505859375, 0.000247955322265625]
[0.000270843505859375, 0.000270843505859375, 0.000270843505859375, 0.005622786103485766]
[0.000270843505859375, 0.000270843505859375, 0.006972573114267355]
[0.000270843505859375, 0.000270843505859375, 0.0019816993520969106, 0.000270843505859375]
[0.000270843505859375, 0.000270843505859375, 0.000270843505859375, 0.029828533254156686]
[0.000270843505859375, 0.000270843505859375, 0.03107154053412864]
[0.000270843505859375, 0.000270843505859375, 0.007166673666390677, 0.000270843505859375]
[0.000270843505859375, 0.000270843505859375, 0.000270843505859375, 0.029963017095086197]
[0.000270843505859375, 0.000270843505859375, 0.035663964667094206]
[0.000270843505859375, 0.000270843505859375, 0.0005226223768381999, 0.000270843505859375, 0.000247955322265625]
[0.000270843505859375, 0.000270843505859375, 0.000270843505859375, 0.000270843505859375, 0.000247955322265625]
[0.000270843505859375, 0.000270843505859375, 0.000270843505859375, 0.000270843505859375, 0.005622786103485766]
[0.000270843505859375, 0.0005226223768381999, 0.000270843505859375, 0.000247955322265625]
[0.000270843505859375, 0.000270843505859375, 0.0005226223768381999, 0.005622786103485766]
[0.000270843505859375, 0.000270843505859375, 0.000270843505859375, 0.006972573114267355]
[0.000270843505859375, 0.0005226223768381999, 0.006972573114267355]
[0.000270843505859375, 0.000270843505859375, 0.0005226223768381999, 0.000255584716796875, 0.000270843505859375]
[0.000270843505859375, 0.000270843505859375, 0.000270843505859375, 0.0019816993520969106, 0.000270843505859375]
[0.000270843505859375, 0.000270843505859375, 0.000270843505859375, 0.000270843505859375, 0.029828533254156686]
[0.000270843505859375, 0.0005226223768381999, 0.0019816993520969106, 0.000270843505859375]
[0.000270843505859375, 0.000270843505859375, 0.0005226223768381999, 0.029828533254156686]
[0.000270843505859375, 0.000270843505859375, 0.000270843505859375, 0.03107154053412864]
[0.000270843505859375, 0.0005226223768381999, 0.03107154053412864]
[0.000270843505859375, 0.0005226223768381999, 0.000270843505859375, 0.000255584716796875, 0.000270843505859375]
[0.000270843505859375, 0.000270843505859375, 0.000270843505859375, 0.007166673666390677, 0.000270843505859375]
[0.000270843505859375, 0.000270843505859375, 0.000270843505859375, 0.000270843505859375, 0.029963017095086197]
[0.000270843505859375, 0.0005226223768381999, 0.007166673666390677, 0.000270843505859375]
[0.000270843505859375, 0.0005226223768381999, 0.000270843505859375, 0.029963017095086197]
[0.000270843505859375, 0.000270843505859375, 0.000270843505859375, 0.035663964667094206]
[0.000270843505859375, 0.0005226223768381999, 0.035663964667094206]
[0.000270843505859375, 0.000270843505859375, 0.000270843505859375, 0.000255584716796875, 0.000270843505859375]
[0.000270843505859375, 0.000270843505859375, 0.000270843505859375, 0.005775790395481151, 0.000270843505859375]
[0.000270843505859375, 0.000270843505859375, 0.000270843505859375, 0.000270843505859375, 0.029963017095086197]
[0.000270843505859375, 0.000270843505859375, 0.007166673666390677, 0.000270843505859375]
[0.000270843505859375, 0.000270843505859375, 0.000270843505859375, 0.029963017095086197]
[0.000270843505859375, 0.000270843505859375, 0.000270843505859375, 0.03443422579627775]
[0.000270843505859375, 0.000270843505859375, 0.035663964667094206]
[0.000270843505859375, 0.000270843505859375, 0.0005226223768381999, 0.000270843505859375, 0.000255584716796875, 0.000270843505859375]
[0.000270843505859375, 0.000270843505859375, 0.000270843505859375, 0.000270843505859375, 0.000255584716796875, 0.000270843505859375]
[0.000270843505859375, 0.000270843505859375, 0.000270843505859375, 0.000270843505859375, 0.005775790395481151, 0.000270843505859375]
[0.000270843505859375, 0.000270843505859375, 0.000270843505859375, 0.000270843505859375, 0.000270843505859375, 0.029963017095086197]
[0.000270843505859375, 0.0005226223768381999, 0.000270843505859375, 0.000255584716796875, 0.000270843505859375]
[0.000270843505859375, 0.000270843505859375, 0.0005226223768381999, 0.005775790395481151, 0.000270843505859375]
[0.000270843505859375, 0.000270843505859375, 0.0005226223768381999, 0.000270843505859375, 0.029963017095086197]
[0.000270843505859375, 0.000270843505859375, 0.000270843505859375, 0.007166673666390677, 0.000270843505859375]
[0.000270843505859375, 0.000270843505859375, 0.000270843505859375, 0.000270843505859375, 0.029963017095086197]
[0.000270843505859375, 0.000270843505859375, 0.000270843505859375, 0.000270843505859375, 0.03443422579627775]
[0.000270843505859375, 0.0005226223768381999, 0.007166673666390677, 0.000270843505859375]
[0.000270843505859375, 0.0005226223768381999, 0.000270843505859375, 0.029963017095086197]
[0.000270843505859375, 0.000270843505859375, 0.0005226223768381999, 0.03443422579627775]
[0.000270843505859375, 0.000270843505859375, 0.000270843505859375, 0.035663964667094206]
[0.000270843505859375, 0.0005226223768381999, 0.035663964667094206]
[0.000270843505859375, 0.000270843505859375, 0.000270843505859375, 0.0004909397421961614]
[0.000270843505859375, 0.000270843505859375, 0.0020886855354627087, 0.000247955322265625]
[0.000270843505859375, 0.000270843505859375, 0.000270843505859375, 0.000270843505859375, 0.0004909397421961614]
[0.000270843505859375, 0.000270843505859375, 0.000270843505859375, 0.0020886855354627087, 0.000247955322265625]
[0.000270843505859375, 0.000270843505859375, 0.0020886855354627087, 0.0004909397421961614]
[0.000270843505859375, 0.000270843505859375, 0.001944586647895985]
[0.000270843505859375, 0.000270843505859375, 0.0021118666978985345]
[0.000270843505859375, 0.000270843505859375, 0.030083682357722408]
[0.000270843505859375, 0.000270843505859375, 0.000270843505859375, 0.000255584716796875]
[0.000270843505859375, 0.000270843505859375, 0.000270843505859375, 0.0004917890145954562]
[0.000270843505859375, 0.000270843505859375, 0.0021118666978985345]
[0.000270843505859375, 0.000270843505859375, 0.002002017553384583, 0.000270843505859375]
[0.000270843505859375, 0.000270843505859375, 0.000270843505859375, 0.030124700124166903]
[0.000270843505859375, 0.000270843505859375, 0.03137158149647701]
[0.000270843505859375, 0.000270843505859375, 0.002173134510488728, 0.000270843505859375]
[0.000270843505859375, 0.000270843505859375, 0.000270843505859375, 0.030128438213394837]
[0.000270843505859375, 0.000270843505859375, 0.03151549551388877]
[0.000270843505859375, 0.000270843505859375, 0.000270843505859375, 0.000270843505859375, 0.000255584716796875]
[0.000270843505859375, 0.000270843505859375, 0.000270843505859375, 0.002090144513520298, 0.000255584716796875]
[0.000270843505859375, 0.000270843505859375, 0.000270843505859375, 0.000263214111328125, 0.000270843505859375]
[0.000270843505859375, 0.000270843505859375, 0.000270843505859375, 0.000510897953588163, 0.000270843505859375]
[0.000270843505859375, 0.000270843505859375, 0.000270843505859375, 0.000270843505859375, 0.030128438213394837]
[0.000270843505859375, 0.000270843505859375, 0.002173134510488728, 0.000270843505859375]
[0.000270843505859375, 0.000270843505859375, 0.000270843505859375, 0.030128438213394837]
[0.000270843505859375, 0.000270843505859375, 0.000270843505859375, 0.030268798999630864]
[0.000270843505859375, 0.000270843505859375, 0.03151549551388877]
[0.000270843505859375, 0.000270843505859375, 0.000270843505859375, 0.000270843505859375, 0.000270843505859375, 0.000255584716796875]
[0.000270843505859375, 0.000270843505859375, 0.000270843505859375, 0.000270843505859375, 0.002090144513520298, 0.000255584716796875]
[0.000270843505859375, 0.000270843505859375, 0.000270843505859375, 0.002090144513520298, 0.000255584716796875]
[0.000270843505859375, 0.000270843505859375, 0.000270843505859375, 0.0019446709330999123]
[0.000270843505859375, 0.000270843505859375, 0.000270843505859375, 0.0021119603452650626]
[0.000270843505859375, 0.000270843505859375, 0.000270843505859375, 0.030085546685727493]
[0.000270843505859375, 0.000270843505859375, 0.000270843505859375, 0.000270843505859375, 0.000255584716796875]
[0.000270843505859375, 0.000270843505859375, 0.000270843505859375, 0.000270843505859375, 0.0004917984061081349]
[0.000270843505859375, 0.000270843505859375, 0.000270843505859375, 0.0021119603452650626]
[0.000270843505859375, 0.000270843505859375, 0.000270843505859375, 0.0020021066364290796, 0.000270843505859375]
[0.000270843505859375, 0.000270843505859375, 0.000270843505859375, 0.000270843505859375, 0.030126569040676232]
[0.000270843505859375, 0.000270843505859375, 0.000270843505859375, 0.03137352981024222]
[0.000270843505859375, 0.000270843505859375, 0.000270843505859375, 0.0021732334886264137, 0.000270843505859375]
[0.000270843505859375, 0.000270843505859375, 0.000270843505859375, 0.000270843505859375, 0.030130307642374676]
[0.000270843505859375, 0.000270843505859375, 0.000270843505859375, 0.03151745315710541]
[0.000270843505859375, 0.000270843505859375, 0.000270843505859375, 0.000270843505859375, 0.000263214111328125, 0.000270843505859375]
[0.000270843505859375, 0.000270843505859375, 0.000270843505859375, 0.000270843505859375, 0.0005109078804658163, 0.000270843505859375]
[0.000270843505859375, 0.000270843505859375, 0.000270843505859375, 0.000270843505859375, 0.000270843505859375, 0.030130307642374676]
[0.000270843505859375, 0.000270843505859375, 0.000270843505859375, 0.0021732334886264137, 0.000270843505859375]
[0.000270843505859375, 0.000270843505859375, 0.000270843505859375, 0.000270843505859375, 0.030130307642374676]
[0.000270843505859375, 0.000270843505859375, 0.000270843505859375, 0.000270843505859375, 0.030270677269771618]
[0.000270843505859375, 0.000270843505859375, 0.000270843505859375, 0.03151745315710541]
[0.000270843505859375, 0.000270843505859375, 0.000263214111328125, 0.0004049805356989289, 0.000263214111328125]
[0.000385049155005146, 0.00048046894334241586]
[0.000385133571910945, 0.000385049155005146, 0.00048062918683977607]
[0.0003851429644255999, 0.0004812110647112178, 0.000385049155005146]
[0.0003851429644255999, 0.0003851429644255999, 0.0004812110647112178, 0.000385133571910945]
[0.0003851429644255999, 0.0004812110647112178, 0.0020282277173758745]
[0.000386143718942078, 0.000385049155005146, 0.0004901742596081782]
[0.000386230859755865, 0.000385133571910945, 0.000386143718942078, 0.000490339536169504]
[0.0003862405555545845, 0.0003851429644255999, 0.0004909397421961614, 0.000386143718942078]
[0.0003862405555545845, 0.0003851429644255999, 0.0003862405555545845, 0.0004909397421961614, 0.000386230859755865]
[0.0003862405555545845, 0.0003851429644255999, 0.0004909397421961614, 0.002064254488017503]
[0.00039459942596875575, 0.0004917420763352887, 0.000385049155005146]
[0.00039468865249436824, 0.00039459942596875575, 0.0004919112047583329, 0.000385133571910945]
[0.0003946985805262093, 0.0005001537822669766, 0.00039459942596875575, 0.0003851429644255999]
[0.0003946985805262093, 0.0003946985805262093, 0.0005001537822669766, 0.00039468865249436824, 0.0003851429644255999]
[0.0003946985805262093, 0.0005001537822669766, 0.0020875771057429215, 0.0003851429644255999]
[0.00039575683200832046, 0.00039459942596875575, 0.0005015633854048573, 0.000386143718942078]
[0.00039584902053135806, 0.00039468865249436824, 0.00039575683200832046, 0.0005017379747980222, 0.000386230859755865]
[0.00039585927837548773, 0.0003946985805262093, 0.000502372100174231, 0.00039575683200832046, 0.0003862405555545845]
[0.00039585927837548773, 0.0003946985805262093, 0.00039585927837548773, 0.000502372100174231, 0.00039584902053135806, 0.0003862405555545845]
[0.00039585927837548773, 0.0003946985805262093, 0.000502372100174231, 0.0021247964730759517, 0.0003862405555545845]
[0.0004037713713030966, 0.0005022937426848451, 0.000385049155005146]
[0.0004038645569273136, 0.0004037713713030966, 0.0005024701705587109, 0.000385133571910945]
[0.0004038749257995189, 0.000510739313589581, 0.0004037713713030966, 0.0003851429644255999]
[0.0004038749257995189, 0.0004038749257995189, 0.000510739313589581, 0.0004038645569273136, 0.0003851429644255999]
[0.0004038749257995189, 0.000510739313589581, 0.002132121404698095, 0.0003851429644255999]
[0.0004049805356989289, 0.0004037713713030966, 0.0005122103974946057, 0.000386143718942078]
[0.00040507688436453027, 0.0004038645569273136, 0.0004049805356989289, 0.0005123926467096585, 0.000386230859755865]
[0.00040508760545165945, 0.0004038749257995189, 0.0005130546767408983, 0.0004049805356989289, 0.0003862405555545845]
[0.00040508760545165945, 0.0004038749257995189, 0.00040508760545165945, 0.0005130546767408983, 0.00040507688436453027, 0.0003862405555545845]
[0.00040508760545165945, 0.0004038749257995189, 0.0005130546767408983, 0.0021703231225720376, 0.0003862405555545845]
[0.00041351312711324084, 0.0005226223768381999, 0.000385049155005146]
[0.00041351312711324084, 0.00041351312711324084, 0.0005226223768381999, 0.000385133571910945]
[0.00041351312711324084, 0.0005226223768381999, 0.0020282277173758745]
[0.00041351312711324084, 0.0005226223768381999, 0.00041351312711324084, 0.0003851429644255999]
[0.00041351312711324084, 0.0005226223768381999, 0.002195503589463743]
[0.00041351312711324084, 0.0005226223768381999, 0.00039459942596875575, 0.00041351312711324084]
[0.00041351312711324084, 0.0005226223768381999, 0.030159358755014187]
[0.00041351312711324084, 0.00041351312711324084, 0.0005226223768381999, 0.00041351312711324084, 0.0003851429644255999]
[0.00041351312711324084, 0.0005226223768381999, 0.00041351312711324084, 0.0003851429644255999]
[0.00041351312711324084, 0.00041351312711324084, 0.0005226223768381999, 0.0005984392284440476]
[0.00041351312711324084, 0.0005226223768381999, 0.002195503589463743]
[0.00041351312711324084, 0.00041351312711324084, 0.0005226223768381999, 0.00039468865249436824, 0.00041351312711324084]
[0.00041351312711324084, 0.0005226223768381999, 0.0020875771057429215, 0.00041351312711324084]
[0.00041351312711324084, 0.00041351312711324084, 0.0005226223768381999, 0.030193039702793967]
[0.00041351312711324084, 0.0005226223768381999, 0.03144724431554602]
[0.00041351312711324084, 0.0005226223768381999, 0.00041351312711324084, 0.0003946985805262093, 0.00041351312711324084]
[0.00041351312711324084, 0.0005226223768381999, 0.0022586897676213358, 0.00041351312711324084]
[0.00041351312711324084, 0.0005226223768381999, 0.00041351312711324084, 0.030196787160666316]
[0.00041351312711324084, 0.0005226223768381999, 0.031591156766239914]
[0.00041351312711324084, 0.00041351312711324084, 0.0005226223768381999, 0.00041351312711324084, 0.0003946985805262093, 0.00041351312711324084]
[0.00041351312711324084, 0.0005226223768381999, 0.00041351312711324084, 0.0003946985805262093, 0.00041351312711324084]
[0.00041351312711324084, 0.00041351312711324084, 0.0005226223768381999, 0.0006194730218933575, 0.00041351312711324084]
[0.00041351312711324084, 0.00041351312711324084, 0.0005226223768381999, 0.00041351312711324084, 0.030196787160666316]
[0.00041351312711324084, 0.0005226223768381999, 0.0022586897676213358, 0.00041351312711324084]
[0.00041351312711324084, 0.0005226223768381999, 0.00041351312711324084, 0.030196787160666316]
[0.00041351312711324084, 0.00041351312711324084, 0.0005226223768381999, 0.030337138055374302]
[0.00041351312711324084, 0.0005226223768381999, 0.031591156766239914]
[0.0004135240859568512, 0.0005215684103754281, 0.00039459942596875575, 0.0004037713713030966]
[0.00048062918683977607, 0.00048046894334241586]
[0.0004812110647112178, 0.00048046894334241586]
[0.0004812110647112178, 0.0004812110647112178, 0.00048062918683977607]
[0.0004812110647112178, 0.0020614133035394833]
[0.0004901742596081782, 0.00048046894334241586]
[0.000490339536169504, 0.00048062918683977607, 0.0004901742596081782]
[0.0004909397421961614, 0.0004812110647112178, 0.0004901742596081782]
[0.0004909397421961614, 0.0004812110647112178, 0.0004909397421961614, 0.000490339536169504]
[0.0004909397421961614, 0.0004812110647112178, 0.002089793989709099]
[0.0004917420763352887, 0.00048046894334241586]
[0.0004917890145954562, 0.0021118666978985345, 0.0055288062790026515]
[0.0004917984061081349, 0.0004917890145954562, 0.0021119603452650626, 0.00552938521803914]
[0.0004919112047583329, 0.0004917420763352887, 0.00048062918683977607]
[0.0005001537822669766, 0.0004917420763352887, 0.0004812110647112178]
[0.0005001537822669766, 0.0005001537822669766, 0.0004919112047583329, 0.0004812110647112178]
[0.0005001537822669766, 0.002113085114554103, 0.0004812110647112178]
[0.0005010326182608438, 0.0021355919118354327, 0.005622786103485766, 0.0004917890145954562]
[0.0005010326182608438, 0.0005010326182608438, 0.0021355919118354327, 0.005622786103485766, 0.0004917984061081349]
[0.0005010326182608438, 0.0021355919118354327, 0.005622786103485766, 0.0005984392284440476]
[0.0005015633854048573, 0.0004917420763352887, 0.0004901742596081782]
[0.0005016118385574586, 0.0004917890145954562, 0.002148986186061852, 0.005611605148537868]
[0.0005016215332370733, 0.0005016118385574586, 0.0004917984061081349, 0.002149082851900741, 0.0056122022792418624]
[0.0005017379747980222, 0.0004919112047583329, 0.0005015633854048573, 0.000490339536169504]
[0.0005022937426848451, 0.00048046894334241586]
[0.000502372100174231, 0.0005001537822669766, 0.0005015633854048573, 0.0004909397421961614]
[0.000502372100174231, 0.0005001537822669766, 0.000502372100174231, 0.0005017379747980222, 0.0004909397421961614]
[0.000502372100174231, 0.0005001537822669766, 0.002150243891658077, 0.0004909397421961614]
[0.0005024701705587109, 0.0005022937426848451, 0.00048062918683977607]
[0.000510739313589581, 0.0005022937426848451, 0.0004812110647112178]
[0.000510739313589581, 0.000510739313589581, 0.0005024701705587109, 0.0004812110647112178]
[0.000510739313589581, 0.002157544565871472, 0.0004812110647112178]
[0.000510897953588163, 0.002173134510488728, 0.005677831468962835, 0.0004917890145954562]
[0.0005109078804658163, 0.000510897953588163, 0.0021732334886264137, 0.0056784425163898256, 0.0004917984061081349]
[0.0005109078804658163, 0.0005010326182608438, 0.0021732334886264137, 0.00570783907690775, 0.0005016118385574586]
[0.0005109078804658163, 0.0005109078804658163, 0.0005010326182608438, 0.0021732334886264137, 0.00570783907690775, 0.0005016215332370733]
[0.0005109078804658163, 0.0005010326182608438, 0.0021732334886264137, 0.00570783907690775, 0.0006093586415072405]
[0.0005122103974946057, 0.0005022937426848451, 0.0004901742596081782]
[0.0005123926467096585, 0.0005024701705587109, 0.0005122103974946057, 0.000490339536169504]
[0.0005126058621746088, 0.002197781858960468, 0.005775790395481151, 0.000510897953588163, 0.0005010326182608438]
[0.0005126058621746088, 0.0005126058621746088, 0.002197781858960468, 0.005775790395481151, 0.0005109078804658163, 0.0005010326182608438]
[0.0005126058621746088, 0.002197781858960468, 0.005775790395481151, 0.0006194730218933575, 0.0005010326182608438]
[0.0005130546767408983, 0.000510739313589581, 0.0005122103974946057, 0.0004909397421961614]
[0.0005130546767408983, 0.000510739313589581, 0.0005130546767408983, 0.0005123926467096585, 0.0004909397421961614]
[0.0005130546767408983, 0.000510739313589581, 0.002195656024055692, 0.0004909397421961614]
[0.0005208468850440573, 0.000510897953588163, 0.002211509344403728, 0.005772003065353415, 0.0005016118385574586]
[0.0005208571416055463, 0.0005208468850440573, 0.0005109078804658163, 0.002211611604680308, 0.005772633847042963, 0.0005016215332370733]
[0.0005215684103754281, 0.0004917420763352887, 0.0005022937426848451]
[0.000521620226239472, 0.0022192196810002507, 0.0058033730097911684, 0.0004917890145954562]
[0.0005216305938899879, 0.000521620226239472, 0.002219323047422783, 0.005804010433603013, 0.0004917984061081349]
[0.0005217551222724826, 0.0005215684103754281, 0.0004919112047583329, 0.0005024701705587109]
[0.000522433412231349, 0.0005215684103754281, 0.0005001537822669766, 0.000510739313589581]
[0.000522433412231349, 0.000522433412231349, 0.0005217551222724826, 0.0005001537822669766, 0.000510739313589581]
[0.000522433412231349, 0.0022205646052473327, 0.0005001537822669766, 0.000510739313589581]
[0.0005226118658645529, 0.0005126058621746088, 0.002236724676730084, 0.005872408954637032, 0.0005208468850440573, 0.0005109078804658163]
[0.0005226118658645529, 0.0005226118658645529, 0.0005126058621746088, 0.002236724676730084, 0.005872408954637032, 0.0005208571416055463, 0.0005109078804658163]
[0.0005226118658645529, 0.0005126058621746088, 0.002236724676730084, 0.005872408954637032, 0.0006305815889746658, 0.0005109078804658163]
[0.0005226223768381999, 0.00048046894334241586]
[0.0005226223768381999, 0.0005226223768381999, 0.00048062918683977607]
[0.0005226223768381999, 0.0020614133035394833]
[0.0005226223768381999, 0.0005226223768381999, 0.0004812110647112178]
[0.0005226223768381999, 0.007007511109660136]
[0.0005226223768381999, 0.0004917420763352887, 0.0005226223768381999]
[0.0005226223768381999, 0.02944879382401555]
[0.0005226223768381999, 0.0005226223768381999, 0.0005226223768381999, 0.0004812110647112178]
[0.0005226223768381999, 0.0005226223768381999, 0.0004812110647112178]
[0.0005226223768381999, 0.0005226223768381999, 0.005677375454701039]
[0.0005226223768381999, 0.007007511109660136]
[0.0005226223768381999, 0.0005226223768381999, 0.0004919112047583329, 0.0005226223768381999]
[0.0005226223768381999, 0.002113085114554103, 0.0005226223768381999]
[0.0005226223768381999, 0.0005226223768381999, 0.029488269545855594]
[0.0005226223768381999, 0.030705185419879544]
[0.0005226223768381999, 0.0005226223768381999, 0.0005001537822669766, 0.0005226223768381999]
[0.0005226223768381999, 0.0071925994107807645, 0.0005226223768381999]
[0.0005226223768381999, 0.0005226223768381999, 0.029612075361571066]
[0.0005226223768381999, 0.03523437230338189]
[0.0005226223768381999, 0.0005226223768381999, 0.0005226223768381999, 0.0005001537822669766, 0.0005226223768381999]
[0.0005226223768381999, 0.0005226223768381999, 0.0005001537822669766, 0.0005226223768381999]
[0.0005226223768381999, 0.0005226223768381999, 0.0058300451644247575, 0.0005226223768381999]
[0.0005226223768381999, 0.0005226223768381999, 0.0005226223768381999, 0.029612075361571066]
[0.0005226223768381999, 0.0071925994107807645, 0.0005226223768381999]
[0.0005226223768381999, 0.0005226223768381999, 0.029612075361571066]
[0.0005226223768381999, 0.0005226223768381999, 0.03402313158048398]
[0.0005226223768381999, 0.03523437230338189]
[0.0005234044417006256, 0.002244626473286937, 0.005904602720684604, 0.000521620226239472, 0.0005010326182608438]
[0.0005234044417006256, 0.0005234044417006256, 0.002244626473286937, 0.005904602720684604, 0.0005216305938899879, 0.0005010326182608438]
[0.0005234044417006256, 0.002244626473286937, 0.005904602720684604, 0.0006317415565001427, 0.0005010326182608438]
[0.000531555233833414, 0.00048046894334241586]
[0.0005316194722215783, 0.0005215684103754281, 0.0005015633854048573, 0.0005122103974946057]
[0.0005316408975581943, 0.002258308032465739, 0.005991108494464603, 0.0004917890145954562]
[0.0005316408975581943, 0.0005316408975581943, 0.002258308032465739, 0.005991108494464603, 0.0004917984061081349]
[0.0005316408975581943, 0.002258308032465739, 0.005991108494464603, 0.0005984392284440476]
[0.0005316408975581943, 0.002258308032465739, 0.005996213826046204, 0.0005316408975581943, 0.0005010326182608438]
[0.0005316408975581943, 0.002258308032465739, 0.0072041940958254, 0.013676722915249018]
[0.0005316408975581943, 0.0005316408975581943, 0.002258308032465739, 0.005996213826046204, 0.0005316408975581943, 0.0005010326182608438]
[0.0005316408975581943, 0.002258308032465739, 0.005996213826046204, 0.0005316408975581943, 0.0005010326182608438]
[0.0005316408975581943, 0.0005316408975581943, 0.002258308032465739, 0.0072041940958254, 0.013601580247885492]
[0.0005316408975581943, 0.002258308032465739, 0.0072041940958254, 0.013676722915249018]
[0.0005316730473290399, 0.000521620226239472, 0.00225862855231318, 0.005893055058048491, 0.0005016118385574586]
[0.0005316837670583663, 0.0005316730473290399, 0.0005216305938899879, 0.002258735423515512, 0.0058937135240935135, 0.0005016215332370733]
[0.0005317481184181627, 0.000531555233833414, 0.00048062918683977607]
[0.0005318125263753526, 0.0005217551222724826, 0.0005316194722215783, 0.0005017379747980222, 0.0005123926467096585]
[0.0005324489016458323, 0.000531555233833414, 0.0004812110647112178]
[0.0005324489016458323, 0.0005324489016458323, 0.0005317481184181627, 0.0004812110647112178]
[0.0005324489016458323, 0.002259376979132366, 0.0004812110647112178]
[0.0005325139275583757, 0.000522433412231349, 0.0005316194722215783, 0.000502372100174231, 0.0005130546767408983]
[0.0005325139275583757, 0.000522433412231349, 0.0005325139275583757, 0.0005318125263753526, 0.000502372100174231, 0.0005130546767408983]
[0.0005325139275583757, 0.000522433412231349, 0.002260019098258681, 0.000502372100174231, 0.0005130546767408983]
[0.0005327093505409497, 0.0005226223768381999, 0.0004901742596081782]
[0.0005327093505409497, 0.0005226223768381999, 0.0005327093505409497, 0.000490339536169504]
[0.0005327093505409497, 0.0005226223768381999, 0.002089793989709099]
[0.0005327093505409497, 0.0005226223768381999, 0.0005327093505409497, 0.0004909397421961614]
[0.0005327093505409497, 0.0005226223768381999, 0.007110864398360728]
[0.0005327093505409497, 0.0005226223768381999, 0.0005015633854048573, 0.0005327093505409497]
[0.0005327093505409497, 0.0005226223768381999, 0.029908742623695694]
[0.0005327093505409497, 0.0005226223768381999, 0.0005327093505409497, 0.0005327093505409497, 0.0004909397421961614]
[0.0005327093505409497, 0.0005226223768381999, 0.0005327093505409497, 0.0004909397421961614]
[0.0005327093505409497, 0.0005226223768381999, 0.0005327093505409497, 0.005769846147865909]
[0.0005327093505409497, 0.0005226223768381999, 0.007110864398360728]
[0.0005327093505409497, 0.0005226223768381999, 0.0005327093505409497, 0.0005017379747980222, 0.0005327093505409497]
[0.0005327093505409497, 0.0005226223768381999, 0.002150243891658077, 0.0005327093505409497]
[0.0005327093505409497, 0.0005226223768381999, 0.0005327093505409497, 0.02994922056694138]
[0.0005327093505409497, 0.0005226223768381999, 0.031183698933850312]
[0.0005327093505409497, 0.0005226223768381999, 0.0005327093505409497, 0.000502372100174231, 0.0005327093505409497]
[0.0005327093505409497, 0.0005226223768381999, 0.007308458362501269, 0.0005327093505409497]
[0.0005327093505409497, 0.0005226223768381999, 0.0005327093505409497, 0.030076684394465314]
[0.0005327093505409497, 0.0005226223768381999, 0.03577990946913423]
[0.0005327093505409497, 0.0005226223768381999, 0.0005327093505409497, 0.0005327093505409497, 0.000502372100174231, 0.0005327093505409497]
[0.0005327093505409497, 0.0005226223768381999, 0.0005327093505409497, 0.000502372100174231, 0.0005327093505409497]
[0.0005327093505409497, 0.0005226223768381999, 0.0005327093505409497, 0.0059264089724198055, 0.0005327093505409497]
[0.0005327093505409497, 0.0005226223768381999, 0.0005327093505409497, 0.0005327093505409497, 0.030076684394465314]
[0.0005327093505409497, 0.0005226223768381999, 0.007308458362501269, 0.0005327093505409497]
[0.0005327093505409497, 0.0005226223768381999, 0.0005327093505409497, 0.030076684394465314]
[0.0005327093505409497, 0.0005226223768381999, 0.0005327093505409497, 0.03455127657344981]
[0.0005327093505409497, 0.0005226223768381999, 0.03577990946913423]
[0.0005984392284440476, 0.002195503589463743, 0.005677375454701039]
[0.0006093586415072405, 0.0005984392284440476, 0.0022337157617350334, 0.005769846147865909]
[0.0006194730218933575, 0.0022586897676213358, 0.0058300451644247575, 0.0005984392284440476]
[0.0006305815889746658, 0.0006194730218933575, 0.0022982200327860136, 0.0059264089724198055, 0.0006093586415072405]
[0.0006317415565001427, 0.002306315762582445, 0.0059585090209044456, 0.0005984392284440476]
[0.0006430059520829978, 0.0006317415565001427, 0.0023469317504212217, 0.0060580728366947945, 0.0006093586415072405]
[0.0017890822649623273, 0.01828175182539693]
[0.0017890822649623273, 0.0017890822649623273, 0.018143287678537012]
[0.0017890822649623273, 0.01828175182539693]
[0.0017904935067390992, 0.0017890822649623273, 0.01830861189101607]
[0.0017904935067390992, 0.0017904935067390992, 0.0017890822649623273, 0.01816999406766806]
[0.0017904935067390992, 0.0017890822649623273, 0.01830861189101607]
[0.0017956204131102105, 0.0017890822649623273, 0.01838639519245333]
[0.0017956204131102105, 0.0017956204131102105, 0.0017890822649623273, 0.018247216760032936]
[0.0017956204131102105, 0.0017890822649623273, 0.01838639519245333]
[0.0017956204131102105, 0.0017956204131102105, 0.0017904935067390992, 0.01838639519245333]
[0.0017956204131102105, 0.0033478989150353966, 0.01838639519245333]
[0.0017956204131102105, 0.0017956204131102105, 0.0017956204131102105, 0.0017904935067390992, 0.018247216760032936]
[0.0017956204131102105, 0.0017956204131102105, 0.0017904935067390992, 0.01838639519245333]
[0.0017956204131102105, 0.0017956204131102105, 0.0033478989150353966, 0.018247216760032936]
[0.0017956204131102105, 0.0033478989150353966, 0.01838639519245333]
[0.001815016753670351, 0.0017890822649623273, 0.018570124816377653]
[0.001815016753670351, 0.001815016753670351, 0.0017890822649623273, 0.018429661397889374]
[0.001815016753670351, 0.0017890822649623273, 0.018570124816377653]
[0.0018164761318402167, 0.0017904935067390992, 0.001815016753670351, 0.01859008603850376]
[0.0018164761318402167, 0.0018164761318402167, 0.0017904935067390992, 0.001815016753670351, 0.018449463170033154]
[0.0018164761318402167, 0.0017904935067390992, 0.001815016753670351, 0.01859008603850376]
[0.0018293993858987667, 0.0017956204131102105, 0.001815016753670351, 0.018677583005151988]
[0.0018293993858987667, 0.0018293993858987667, 0.0017956204131102105, 0.001815016753670351, 0.0185363831896872]
[0.0018293993858987667, 0.0017956204131102105, 0.001815016753670351, 0.018677583005151988]
[0.0018293993858987667, 0.0017956204131102105, 0.0018293993858987667, 0.0018164761318402167, 0.018677583005151988]
[0.0018293993858987667, 0.0017956204131102105, 0.003403399948440855, 0.018677583005151988]
[0.0018293993858987667, 0.0018293993858987667, 0.0017956204131102105, 0.0018293993858987667, 0.0018164761318402167, 0.0185363831896872]
[0.0018293993858987667, 0.0017956204131102105, 0.0018293993858987667, 0.0018164761318402167, 0.018677583005151988]
[0.0018293993858987667, 0.0018293993858987667, 0.0017956204131102105, 0.003403399948440855, 0.0185363831896872]
[0.0018293993858987667, 0.0017956204131102105, 0.003403399948440855, 0.018677583005151988]
[0.001897811762432422, 0.001897651746138651]
[0.001923957873795512, 0.001897651746138651]
[0.0019241229132699322, 0.001923957873795512, 0.001897811762432422]
[0.0019249487818520095, 0.001897651746138651]
[0.0019249487818520095, 0.0019249487818520095, 0.001897811762432422]
[0.0019249487818520095, 0.0020614133035394833]
[0.001944586647895985, 0.001897651746138651]
[0.0019446709330999123, 0.001944586647895985, 0.001897811762432422]
[0.0019456832563755633, 0.001897651746138651]
[0.0019458521387749617, 0.0019456832563755633, 0.001897811762432422]
[0.0019594975380679003, 0.0019249487818520095, 0.001923957873795512]
[0.0019594975380679003, 0.0019594975380679003, 0.0019249487818520095, 0.0019241229132699322]
[0.0019594975380679003, 0.0019249487818520095, 0.002089793989709099]
[0.0019667027225965805, 0.0019249487818520095, 0.001944586647895985]
[0.0019667027225965805, 0.0019667027225965805, 0.0019249487818520095, 0.0019446709330999123]
[0.0019667027225965805, 0.0019249487818520095, 0.0020282277173758745]
[0.001979520667601653, 0.001944586647895985, 0.001923957873795512]
[0.00197960766951355, 0.001979520667601653, 0.0019446709330999123, 0.0019241229132699322]
[0.0019806526372081468, 0.0019456832563755633, 0.001923957873795512]
[0.001980826968238425, 0.0019806526372081468, 0.0019458521387749617, 0.0019241229132699322]
[0.0019816993520969106, 0.0019456832563755633, 0.0019249487818520095]
[0.0019816993520969106, 0.0019816993520969106, 0.0019458521387749617, 0.0019249487818520095]
[0.0019816993520969106, 0.002113085114554103, 0.0019249487818520095]
[0.0019872234446716153, 0.001897651746138651]
[0.001987399610430818, 0.0019872234446716153, 0.001897811762432422]
[0.002002017553384583, 0.0019456832563755633, 0.001944586647895985]
[0.0020021066364290796, 0.002002017553384583, 0.0019458521387749617, 0.0019446709330999123]
[0.0020021066364290796, 0.0019667027225965805, 0.0019594975380679003, 0.001979520667601653]
[0.0020021066364290796, 0.0020021066364290796, 0.0019667027225965805, 0.0019594975380679003, 0.00197960766951355]
[0.0020021066364290796, 0.0019667027225965805, 0.0019594975380679003, 0.002064254488017503]
[0.002009724800933199, 0.0019816993520969106, 0.0019806526372081468, 0.0019594975380679003]
[0.002009724800933199, 0.002009724800933199, 0.0019816993520969106, 0.001980826968238425, 0.0019594975380679003]
[0.002009724800933199, 0.0019816993520969106, 0.002150243891658077, 0.0019594975380679003]
[0.0020230502646846338, 0.0019872234446716153, 0.001923957873795512]
[0.0020232322384092782, 0.0020230502646846338, 0.001987399610430818, 0.0019241229132699322]
[0.002024142884200164, 0.0019872234446716153, 0.0019249487818520095]
[0.002024142884200164, 0.002024142884200164, 0.001987399610430818, 0.0019249487818520095]
[0.002024142884200164, 0.002157544565871472, 0.0019249487818520095]
[0.0020249635745317462, 0.0019816993520969106, 0.002002017553384583, 0.0019667027225965805]
[0.0020249635745317462, 0.0020249635745317462, 0.0019816993520969106, 0.0020021066364290796, 0.0019667027225965805]
[0.0020249635745317462, 0.0019816993520969106, 0.0020875771057429215, 0.0019667027225965805]
[0.0020304618475264213, 0.002002017553384583, 0.0019806526372081468, 0.001979520667601653]
[0.0020305538852887217, 0.0020304618475264213, 0.0020021066364290796, 0.001980826968238425, 0.00197960766951355]
[0.0020450209336759784, 0.0019872234446716153, 0.001944586647895985]
[0.002045113966297585, 0.0020450209336759784, 0.001987399610430818, 0.0019446709330999123]
[0.002046231402466736, 0.0019456832563755633, 0.0019872234446716153]
[0.002046417829542402, 0.002046231402466736, 0.0019458521387749617, 0.001987399610430818]
[0.0020282277173758745, 0.0020614133035394833]
[0.0020590912024043284, 0.001897651746138651]
[0.0020590912024043284, 0.0020590912024043284, 0.001897811762432422]
[0.0020590912024043284, 0.0020614133035394833]
[0.0020605020624504533, 0.0020590912024043284, 0.0019249487818520095]
[0.0020605020624504533, 0.0020605020624504533, 0.0020590912024043284, 0.0019249487818520095]
[0.0020605020624504533, 0.0020590912024043284, 0.0019249487818520095]
[0.002060690408540067, 0.002024142884200164, 0.0020230502646846338, 0.0019594975380679003]
[0.002060690408540067, 0.002060690408540067, 0.002024142884200164, 0.0020232322384092782, 0.0019594975380679003]
[0.002060690408540067, 0.002024142884200164, 0.002195656024055692, 0.0019594975380679003]
[0.0020615386410436365, 0.0020249635745317462, 0.002009724800933199, 0.0020304618475264213, 0.0020021066364290796]
[0.0020615386410436365, 0.0020615386410436365, 0.0020249635745317462, 0.002009724800933199, 0.0020305538852887217, 0.0020021066364290796]
[0.0020615386410436365, 0.0020249635745317462, 0.002009724800933199, 0.0021247964730759517, 0.0020021066364290796]
[0.0020686504751454837, 0.002024142884200164, 0.0020450209336759784, 0.0019667027225965805]
[0.0020686504751454837, 0.0020686504751454837, 0.002024142884200164, 0.002045113966297585, 0.0019667027225965805]
[0.0020686504751454837, 0.002024142884200164, 0.002132121404698095, 0.0019667027225965805]
[0.002081726984525356, 0.0020590912024043284, 0.001944586647895985]
[0.002081726984525356, 0.002081726984525356, 0.0020590912024043284, 0.0019446709330999123]
[0.002081726984525356, 0.0020590912024043284, 0.0020282277173758745]
[0.002081726984525356, 0.0020605020624504533, 0.002081726984525356, 0.0019667027225965805]
[0.002081726984525356, 0.0033478989150353966, 0.014830660645383631]
[0.002081726984525356, 0.002081726984525356, 0.0020605020624504533, 0.002081726984525356, 0.0019667027225965805]
[0.002081726984525356, 0.0020605020624504533, 0.002081726984525356, 0.0019667027225965805]
[0.002081726984525356, 0.002081726984525356, 0.0033478989150353966, 0.014755688517926746]
[0.002081726984525356, 0.0033478989150353966, 0.014830660645383631]
[0.002082015461198239, 0.0020450209336759784, 0.0020230502646846338, 0.001979520667601653]
[0.0020821116482181434, 0.002082015461198239, 0.002045113966297585, 0.0020232322384092782, 0.00197960766951355]
[0.0020826890659081387, 0.001897651746138651]
[0.0020828816511438975, 0.0020826890659081387, 0.001897811762432422]
[0.0020832669907719925, 0.002046231402466736, 0.0019806526372081468, 0.0020230502646846338]
[0.0020834597452144, 0.0020832669907719925, 0.002046417829542402, 0.001980826968238425, 0.0020232322384092782]
[0.002084424364697801, 0.002046231402466736, 0.0019816993520969106, 0.002024142884200164]
[0.002084424364697801, 0.002084424364697801, 0.002046417829542402, 0.0019816993520969106, 0.002024142884200164]
[0.002084424364697801, 0.0022205646052473327, 0.0019816993520969106, 0.002024142884200164]
[0.002064254488017503, 0.0020282277173758745, 0.002089793989709099]
[0.0020886855354627087, 0.0020590912024043284, 0.001923957873795512]
[0.0020886855354627087, 0.0020886855354627087, 0.0020590912024043284, 0.0019241229132699322]
[0.0020886855354627087, 0.0020590912024043284, 0.002089793989709099]
[0.002090144513520298, 0.0020605020624504533, 0.0020886855354627087, 0.0019594975380679003]
[0.002090144513520298, 0.002090144513520298, 0.0020605020624504533, 0.0020886855354627087, 0.0019594975380679003]
[0.002090144513520298, 0.0020605020624504533, 0.0020886855354627087, 0.0019594975380679003]
[0.0020875771057429215, 0.002113085114554103, 0.0020282277173758745]
[0.002089793989709099, 0.0020614133035394833]
[0.0021247964730759517, 0.0020875771057429215, 0.002150243891658077, 0.002064254488017503]
[0.002132121404698095, 0.002157544565871472, 0.0020282277173758745]
[0.0021118666978985345, 0.006859138593072744]
[0.0021118666978985345, 0.006859138593072744]
[0.0021119603452650626, 0.0021118666978985345, 0.006859875978418639]
[0.0021119603452650626, 0.0021118666978985345, 0.006859875978418639]
[0.002113085114554103, 0.0020614133035394833]
[0.0021355919118354327, 0.006972573114267355, 0.0021118666978985345]
[0.0021355919118354327, 0.0021355919118354327, 0.006972573114267355, 0.0021119603452650626]
[0.0021355919118354327, 0.006972573114267355, 0.002195503589463743]
[0.0021355919118354327, 0.006972573114267355, 0.0021118666978985345]
[0.0021355919118354327, 0.0021355919118354327, 0.006972573114267355, 0.0021119603452650626]
[0.0021355919118354327, 0.006972573114267355, 0.002195503589463743]
[0.0021703231225720376, 0.002132121404698095, 0.002195656024055692, 0.002064254488017503]
[0.002148986186061852, 0.0021118666978985345, 0.0069604203856842295]
[0.002148986186061852, 0.0021118666978985345, 0.0069604203856842295]
[0.002149082851900741, 0.002148986186061852, 0.0021119603452650626, 0.006961180912982368]
[0.002149082851900741, 0.002148986186061852, 0.0021119603452650626, 0.006961180912982368]
[0.002150243891658077, 0.002113085114554103, 0.002089793989709099]
[0.002157544565871472, 0.0020614133035394833]
[0.002173134510488728, 0.007048178254888349, 0.0021118666978985345]
[0.002173134510488728, 0.007048178254888349, 0.0021118666978985345]
[0.0021732334886264137, 0.002173134510488728, 0.007048956479081214, 0.0021119603452650626]
[0.0021732334886264137, 0.0021355919118354327, 0.007076722305109695, 0.002148986186061852]
[0.0021732334886264137, 0.0021732334886264137, 0.0021355919118354327, 0.007076722305109695, 0.002149082851900741]
[0.0021732334886264137, 0.0021355919118354327, 0.007076722305109695, 0.0022337157617350334]
[0.0021732334886264137, 0.002173134510488728, 0.007048956479081214, 0.0021119603452650626]
[0.0021732334886264137, 0.0021355919118354327, 0.007076722305109695, 0.002148986186061852]
[0.0021732334886264137, 0.0021732334886264137, 0.0021355919118354327, 0.007076722305109695, 0.002149082851900741]
[0.0021732334886264137, 0.0021355919118354327, 0.007076722305109695, 0.0022337157617350334]
[0.002195656024055692, 0.002157544565871472, 0.002089793989709099]
[0.002197781858960468, 0.007166673666390677, 0.002173134510488728, 0.0021355919118354327]
[0.002197781858960468, 0.002197781858960468, 0.007166673666390677, 0.0021732334886264137, 0.0021355919118354327]
[0.002197781858960468, 0.007166673666390677, 0.0022586897676213358, 0.0021355919118354327]
[0.002197781858960468, 0.007166673666390677, 0.002173134510488728, 0.0021355919118354327]
[0.002197781858960468, 0.002197781858960468, 0.007166673666390677, 0.0021732334886264137, 0.0021355919118354327]
[0.002197781858960468, 0.007166673666390677, 0.0022586897676213358, 0.0021355919118354327]
[0.002211509344403728, 0.002173134510488728, 0.007154265038236685, 0.002148986186061852]
[0.002211509344403728, 0.002173134510488728, 0.007154265038236685, 0.002148986186061852]
[0.002211611604680308, 0.002211509344403728, 0.0021732334886264137, 0.007155068370167883, 0.002149082851900741]
[0.002211611604680308, 0.002211509344403728, 0.0021732334886264137, 0.007155068370167883, 0.002149082851900741]
[0.002195503589463743, 0.007007511109660136]
[0.002195503589463743, 0.007007511109660136]
[0.0022192196810002507, 0.007192128951350574, 0.0021118666978985345]
[0.0022192196810002507, 0.007192128951350574, 0.0021118666978985345]
[0.002219323047422783, 0.0022192196810002507, 0.007192940731663988, 0.0021119603452650626]
[0.002219323047422783, 0.0022192196810002507, 0.007192940731663988, 0.0021119603452650626]
[0.0022205646052473327, 0.002113085114554103, 0.002157544565871472]
[0.002236724676730084, 0.002197781858960468, 0.007283458153339195, 0.002211509344403728, 0.0021732334886264137]
[0.002236724676730084, 0.002236724676730084, 0.002197781858960468, 0.007283458153339195, 0.002211611604680308, 0.0021732334886264137]
[0.002236724676730084, 0.002197781858960468, 0.007283458153339195, 0.0022982200327860136, 0.0021732334886264137]
[0.002236724676730084, 0.002197781858960468, 0.007283458153339195, 0.002211509344403728, 0.0021732334886264137]
[0.002236724676730084, 0.002236724676730084, 0.002197781858960468, 0.007283458153339195, 0.002211611604680308, 0.0021732334886264137]
[0.002236724676730084, 0.002197781858960468, 0.007283458153339195, 0.0022982200327860136, 0.0021732334886264137]
[0.002244626473286937, 0.007314785323250472, 0.0022192196810002507, 0.0021355919118354327]
[0.002244626473286937, 0.002244626473286937, 0.007314785323250472, 0.002219323047422783, 0.0021355919118354327]
[0.002244626473286937, 0.007314785323250472, 0.002306315762582445, 0.0021355919118354327]
[0.002244626473286937, 0.007314785323250472, 0.0022192196810002507, 0.0021355919118354327]
[0.002244626473286937, 0.002244626473286937, 0.007314785323250472, 0.002219323047422783, 0.0021355919118354327]
[0.002244626473286937, 0.007314785323250472, 0.002306315762582445, 0.0021355919118354327]
[0.0022337157617350334, 0.002195503589463743, 0.007110864398360728]
[0.0022337157617350334, 0.002195503589463743, 0.007110864398360728]
[0.002258308032465739, 0.007428357283412179, 0.0021118666978985345]
[0.002258308032465739, 0.002258308032465739, 0.007428357283412179, 0.0021119603452650626]
[0.002258308032465739, 0.007428357283412179, 0.002195503589463743]
[0.002258308032465739, 0.007428357283412179, 0.0021118666978985345]
[0.002258308032465739, 0.007442442072377098, 0.002258308032465739, 0.0021355919118354327]
[0.002258308032465739, 0.008624556851063003, 0.014974820637525199]
[0.002258308032465739, 0.002258308032465739, 0.007428357283412179, 0.0021119603452650626]
[0.002258308032465739, 0.007428357283412179, 0.002195503589463743]
[0.002258308032465739, 0.002258308032465739, 0.007442442072377098, 0.002258308032465739, 0.0021355919118354327]
[0.002258308032465739, 0.007442442072377098, 0.002258308032465739, 0.0021355919118354327]
[0.002258308032465739, 0.002258308032465739, 0.008624556851063003, 0.01490739010772213]
[0.002258308032465739, 0.008624556851063003, 0.014974820637525199]
[0.002258308032465739, 0.007442442072377098, 0.002258308032465739, 0.0021355919118354327]
[0.002258308032465739, 0.008624556851063003, 0.014974820637525199]
[0.002258308032465739, 0.002258308032465739, 0.007442442072377098, 0.002258308032465739, 0.0021355919118354327]
[0.002258308032465739, 0.007442442072377098, 0.002258308032465739, 0.0021355919118354327]
[0.002258308032465739, 0.002258308032465739, 0.008624556851063003, 0.01490739010772213]
[0.002258308032465739, 0.008624556851063003, 0.014974820637525199]
[0.00225862855231318, 0.0022192196810002507, 0.007309750518353919, 0.002148986186061852]
[0.00225862855231318, 0.0022192196810002507, 0.007309750518353919, 0.002148986186061852]
[0.002258735423515512, 0.00225862855231318, 0.002219323047422783, 0.0073105890556370845, 0.002149082851900741]
[0.002258735423515512, 0.00225862855231318, 0.002219323047422783, 0.0073105890556370845, 0.002149082851900741]
[0.002259376979132366, 0.0020614133035394833]
[0.002260019098258681, 0.0022205646052473327, 0.002150243891658077, 0.002195656024055692]
[0.0022586897676213358, 0.0071925994107807645, 0.002195503589463743]
[0.0022586897676213358, 0.0071925994107807645, 0.002195503589463743]
[0.0022982200327860136, 0.0022586897676213358, 0.007308458362501269, 0.0022337157617350334]
[0.0022982200327860136, 0.0022586897676213358, 0.007308458362501269, 0.0022337157617350334]
[0.002306315762582445, 0.0073470503444243995, 0.002195503589463743]
[0.002306315762582445, 0.0073470503444243995, 0.002195503589463743]
[0.0023469317504212217, 0.002306315762582445, 0.007466953159031342, 0.0022337157617350334]
[0.0023469317504212217, 0.002306315762582445, 0.007466953159031342, 0.0022337157617350334]
[0.0033478989150353966, 0.01955450833261163]
[0.0033478989150353966, 0.0033478989150353966, 0.019416223125398036]
[0.0033478989150353966, 0.01955450833261163]
[0.003403399948440855, 0.0033478989150353966, 0.01986147256935822]
[0.003403399948440855, 0.003403399948440855, 0.0033478989150353966, 0.019721193396931347]
[0.003403399948440855, 0.0033478989150353966, 0.01986147256935822]
[0.0055288062790026515, 0.006859138593072744]
[0.00552938521803914, 0.0055288062790026515, 0.006859875978418639]
[0.005611605148537868, 0.0055288062790026515, 0.0069604203856842295]
[0.0056122022792418624, 0.005611605148537868, 0.00552938521803914, 0.006961180912982368]
[0.005622786103485766, 0.006972573114267355, 0.0055288062790026515]
[0.005622786103485766, 0.005622786103485766, 0.006972573114267355, 0.00552938521803914]
[0.005622786103485766, 0.006972573114267355, 0.005677375454701039]
[0.005677831468962835, 0.007048178254888349, 0.0055288062790026515]
[0.0056784425163898256, 0.005677831468962835, 0.007048956479081214, 0.00552938521803914]
[0.005677375454701039, 0.007007511109660136]
[0.00570783907690775, 0.005622786103485766, 0.007076722305109695, 0.005611605148537868]
[0.00570783907690775, 0.00570783907690775, 0.005622786103485766, 0.007076722305109695, 0.0056122022792418624]
[0.00570783907690775, 0.005622786103485766, 0.007076722305109695, 0.005769846147865909]
[0.005772003065353415, 0.005677831468962835, 0.007154265038236685, 0.005611605148537868]
[0.005772633847042963, 0.005772003065353415, 0.0056784425163898256, 0.007155068370167883, 0.0056122022792418624]
[0.005775790395481151, 0.007166673666390677, 0.005677831468962835, 0.005622786103485766]
[0.005775790395481151, 0.005775790395481151, 0.007166673666390677, 0.0056784425163898256, 0.005622786103485766]
[0.005775790395481151, 0.007166673666390677, 0.0058300451644247575, 0.005622786103485766]
[0.005769846147865909, 0.005677375454701039, 0.007110864398360728]
[0.0058033730097911684, 0.007192128951350574, 0.0055288062790026515]
[0.005804010433603013, 0.0058033730097911684, 0.007192940731663988, 0.00552938521803914]
[0.0058300451644247575, 0.0071925994107807645, 0.005677375454701039]
[0.005872408954637032, 0.005775790395481151, 0.007283458153339195, 0.005772003065353415, 0.00570783907690775]
[0.005872408954637032, 0.005872408954637032, 0.005775790395481151, 0.007283458153339195, 0.005772633847042963, 0.00570783907690775]
[0.005872408954637032, 0.005775790395481151, 0.007283458153339195, 0.0059264089724198055, 0.00570783907690775]
[0.005893055058048491, 0.0058033730097911684, 0.007309750518353919, 0.005611605148537868]
[0.0058937135240935135, 0.005893055058048491, 0.005804010433603013, 0.0073105890556370845, 0.0056122022792418624]
[0.005904602720684604, 0.007314785323250472, 0.0058033730097911684, 0.005622786103485766]
[0.005904602720684604, 0.005904602720684604, 0.007314785323250472, 0.005804010433603013, 0.005622786103485766]
[0.005904602720684604, 0.007314785323250472, 0.0059585090209044456, 0.005622786103485766]
[0.0059264089724198055, 0.0058300451644247575, 0.007308458362501269, 0.005769846147865909]
[0.005964552478039842, 0.0074042101397899796, 0.005677831468962835, 0.0058033730097911684]
[0.005965227074276602, 0.005964552478039842, 0.0074050691850413575, 0.0056784425163898256, 0.005804010433603013]
[0.0059585090209044456, 0.0073470503444243995, 0.005677375454701039]
[0.005991108494464603, 0.007428357283412179, 0.0055288062790026515]
[0.005991108494464603, 0.005991108494464603, 0.007428357283412179, 0.00552938521803914]
[0.005991108494464603, 0.007428357283412179, 0.005677375454701039]
[0.005996213826046204, 0.007442442072377098, 0.005991108494464603, 0.005622786103485766]
[0.005996213826046204, 0.005996213826046204, 0.007442442072377098, 0.005991108494464603, 0.005622786103485766]
[0.005996213826046204, 0.007442442072377098, 0.005991108494464603, 0.005622786103485766]
[0.0059968953754201415, 0.005904602720684604, 0.007443309960329714, 0.005893055058048491, 0.00570783907690775]
[0.0059968953754201415, 0.0059968953754201415, 0.005904602720684604, 0.007443309960329714, 0.0058937135240935135, 0.00570783907690775]
[0.0059968953754201415, 0.005904602720684604, 0.007443309960329714, 0.0060580728366947945, 0.00570783907690775]
[0.006064115251813718, 0.007524735124480375, 0.0055288062790026515]
[0.00606481215598853, 0.006064115251813718, 0.007525622539389043, 0.00552938521803914]
[0.006066206577270861, 0.005964552478039842, 0.00752739814866632, 0.005772003065353415, 0.005893055058048491]
[0.006066904094557901, 0.006066206577270861, 0.005965227074276602, 0.00752828634326308, 0.005772633847042963, 0.0058937135240935135]
[0.006070394751051866, 0.007532731220398992, 0.005964552478039842, 0.005775790395481151, 0.005904602720684604]
[0.006070394751051866, 0.006070394751051866, 0.007532731220398992, 0.005965227074276602, 0.005775790395481151, 0.005904602720684604]
[0.006070394751051866, 0.007532731220398992, 0.006131299345916386, 0.005775790395481151, 0.005904602720684604]
[0.0060580728366947945, 0.0059585090209044456, 0.007466953159031342, 0.005769846147865909]
[0.006093407575614607, 0.005991108494464603, 0.007559949153489232, 0.005611605148537868]
[0.006093407575614607, 0.006093407575614607, 0.005991108494464603, 0.007559949153489232, 0.0056122022792418624]
[0.006093407575614607, 0.005991108494464603, 0.007559949153489232, 0.005769846147865909]
[0.006098687178891948, 0.005996213826046204, 0.007566671937728198, 0.006093407575614607, 0.00570783907690775]
[0.006098687178891948, 0.006098687178891948, 0.005996213826046204, 0.007566671937728198, 0.006093407575614607, 0.00570783907690775]
[0.006098687178891948, 0.005996213826046204, 0.007566671937728198, 0.006093407575614607, 0.00570783907690775]
[0.006131299345916386, 0.007563136271293569, 0.0058300451644247575, 0.0059585090209044456]
[0.00622562757778522, 0.007686012419895305, 0.005677375454701039]
[0.006235375148535005, 0.006131299345916386, 0.007688739571664049, 0.0059264089724198055, 0.0060580728366947945]
[0.006859875978418639, 0.006859138593072744]
[0.006859875978418639, 0.006859138593072744]
[0.0069604203856842295, 0.006859138593072744]
[0.0069604203856842295, 0.006859138593072744]
[0.006961180912982368, 0.0069604203856842295, 0.006859875978418639]
[0.006961180912982368, 0.0069604203856842295, 0.006859875978418639]
[0.006972573114267355, 0.006859138593072744]
[0.006972573114267355, 0.006972573114267355, 0.006859875978418639]
[0.006972573114267355, 0.007007511109660136]
[0.006972573114267355, 0.006859138593072744]
[0.006972573114267355, 0.006972573114267355, 0.006859875978418639]
[0.006972573114267355, 0.007007511109660136]
[0.007048178254888349, 0.006859138593072744]
[0.007048178254888349, 0.006859138593072744]
[0.007048956479081214, 0.007048178254888349, 0.006859875978418639]
[0.007048956479081214, 0.007048178254888349, 0.006859875978418639]
[0.007076722305109695, 0.006972573114267355, 0.0069604203856842295]
[0.007076722305109695, 0.007076722305109695, 0.006972573114267355, 0.006961180912982368]
[0.007076722305109695, 0.006972573114267355, 0.007110864398360728]
[0.007076722305109695, 0.006972573114267355, 0.0069604203856842295]
[0.007076722305109695, 0.007076722305109695, 0.006972573114267355, 0.006961180912982368]
[0.007076722305109695, 0.006972573114267355, 0.007110864398360728]
[0.007110864398360728, 0.007007511109660136]
[0.007110864398360728, 0.007007511109660136]
[0.007154265038236685, 0.007048178254888349, 0.0069604203856842295]
[0.007154265038236685, 0.007048178254888349, 0.0069604203856842295]
[0.007155068370167883, 0.007154265038236685, 0.007048956479081214, 0.006961180912982368]
[0.007155068370167883, 0.007154265038236685, 0.007048956479081214, 0.006961180912982368]
[0.007166673666390677, 0.007048178254888349, 0.006972573114267355]
[0.007166673666390677, 0.007166673666390677, 0.007048956479081214, 0.006972573114267355]
[0.007166673666390677, 0.0071925994107807645, 0.006972573114267355]
[0.007166673666390677, 0.007048178254888349, 0.006972573114267355]
[0.007166673666390677, 0.007166673666390677, 0.007048956479081214, 0.006972573114267355]
[0.007166673666390677, 0.0071925994107807645, 0.006972573114267355]
[0.0072041940958254, 0.008624556851063003, 0.02289319565309389]
[0.0072041940958254, 0.0072041940958254, 0.008624556851063003, 0.022755223243980827]
[0.0072041940958254, 0.008624556851063003, 0.02289319565309389]
[0.007192128951350574, 0.006859138593072744]
[0.007192128951350574, 0.006859138593072744]
[0.007192940731663988, 0.007192128951350574, 0.006859875978418639]
[0.007192940731663988, 0.007192128951350574, 0.006859875978418639]
[0.007245445168162279, 0.008434287610508573, 0.012177559739644073, 0.01934065789532813]
[0.007245445168162279, 0.007245445168162279, 0.008434287610508573, 0.012177559739644073, 0.01934065789532813]
[0.007245445168162279, 0.008434287610508573, 0.012177559739644073, 0.01934065789532813]
[0.007245445168162279, 0.007245445168162279, 0.008434287610508573, 0.012191027374809149, 0.01934065789532813]
[0.007245445168162279, 0.008434287610508573, 0.013583083442923805, 0.01934065789532813]
[0.007245445168162279, 0.007245445168162279, 0.007245445168162279, 0.008434287610508573, 0.012191027374809149, 0.01934065789532813]
[0.007245445168162279, 0.007245445168162279, 0.008434287610508573, 0.012191027374809149, 0.01934065789532813]
[0.007245445168162279, 0.007245445168162279, 0.008434287610508573, 0.013583083442923805, 0.01934065789532813]
[0.007245445168162279, 0.008434287610508573, 0.013583083442923805, 0.01934065789532813]
[0.0071925994107807645, 0.007007511109660136]
[0.0071925994107807645, 0.007007511109660136]
[0.007283458153339195, 0.007166673666390677, 0.007154265038236685, 0.007076722305109695]
[0.007283458153339195, 0.007283458153339195, 0.007166673666390677, 0.007155068370167883, 0.007076722305109695]
[0.007283458153339195, 0.007166673666390677, 0.007308458362501269, 0.007076722305109695]
[0.007283458153339195, 0.007166673666390677, 0.007154265038236685, 0.007076722305109695]
[0.007283458153339195, 0.007283458153339195, 0.007166673666390677, 0.007155068370167883, 0.007076722305109695]
[0.007283458153339195, 0.007166673666390677, 0.007308458362501269, 0.007076722305109695]
[0.007324806058410349, 0.0072041940958254, 0.00877440145712094, 0.023249463129020764]
[0.007324806058410349, 0.007324806058410349, 0.0072041940958254, 0.00877440145712094, 0.023109505887191628]
[0.007324806058410349, 0.0072041940958254, 0.00877440145712094, 0.023249463129020764]
[0.007309750518353919, 0.007192128951350574, 0.0069604203856842295]
[0.007309750518353919, 0.007192128951350574, 0.0069604203856842295]
[0.0073105890556370845, 0.007309750518353919, 0.007192940731663988, 0.006961180912982368]
[0.0073105890556370845, 0.007309750518353919, 0.007192940731663988, 0.006961180912982368]
[0.007314785323250472, 0.007192128951350574, 0.006972573114267355]
[0.007314785323250472, 0.007314785323250472, 0.007192940731663988, 0.006972573114267355]
[0.007314785323250472, 0.0073470503444243995, 0.006972573114267355]
[0.007314785323250472, 0.007192128951350574, 0.006972573114267355]
[0.007314785323250472, 0.007314785323250472, 0.007192940731663988, 0.006972573114267355]
[0.007314785323250472, 0.0073470503444243995, 0.006972573114267355]
[0.007308458362501269, 0.0071925994107807645, 0.007110864398360728]
[0.007308458362501269, 0.0071925994107807645, 0.007110864398360728]
[0.0073470503444243995, 0.007007511109660136]
[0.0073470503444243995, 0.007007511109660136]
[0.0074042101397899796, 0.007048178254888349, 0.007192128951350574]
[0.0074042101397899796, 0.007048178254888349, 0.007192128951350574]
[0.0074050691850413575, 0.0074042101397899796, 0.007048956479081214, 0.007192940731663988]
[0.0074050691850413575, 0.0074042101397899796, 0.007048956479081214, 0.007192940731663988]
[0.007428357283412179, 0.006859138593072744]
[0.007428357283412179, 0.007428357283412179, 0.006859875978418639]
[0.007428357283412179, 0.007007511109660136]
[0.007428357283412179, 0.006859138593072744]
[0.007428357283412179, 0.007428357283412179, 0.006859875978418639]
[0.007428357283412179, 0.007007511109660136]
[0.007442442072377098, 0.007428357283412179, 0.006972573114267355]
[0.007442442072377098, 0.007442442072377098, 0.007428357283412179, 0.006972573114267355]
[0.007442442072377098, 0.007428357283412179, 0.006972573114267355]
[0.007442442072377098, 0.007428357283412179, 0.006972573114267355]
[0.007442442072377098, 0.007442442072377098, 0.007428357283412179, 0.006972573114267355]
[0.007442442072377098, 0.007428357283412179, 0.006972573114267355]
[0.007443309960329714, 0.007314785323250472, 0.007309750518353919, 0.007076722305109695]
[0.007443309960329714, 0.007443309960329714, 0.007314785323250472, 0.0073105890556370845, 0.007076722305109695]
[0.007443309960329714, 0.007314785323250472, 0.007466953159031342, 0.007076722305109695]
[0.007443309960329714, 0.007314785323250472, 0.007309750518353919, 0.007076722305109695]
[0.007443309960329714, 0.007443309960329714, 0.007314785323250472, 0.0073105890556370845, 0.007076722305109695]
[0.007443309960329714, 0.007314785323250472, 0.007466953159031342, 0.007076722305109695]
[0.007466953159031342, 0.0073470503444243995, 0.007110864398360728]
[0.007466953159031342, 0.0073470503444243995, 0.007110864398360728]
[0.007524735124480375, 0.006859138593072744]
[0.007524735124480375, 0.006859138593072744]
[0.007525622539389043, 0.007524735124480375, 0.006859875978418639]
[0.007525622539389043, 0.007524735124480375, 0.006859875978418639]
[0.00752739814866632, 0.0074042101397899796, 0.007154265038236685, 0.007309750518353919]
[0.00752739814866632, 0.0074042101397899796, 0.007154265038236685, 0.007309750518353919]
[0.00752828634326308, 0.00752739814866632, 0.0074050691850413575, 0.007155068370167883, 0.0073105890556370845]
[0.00752828634326308, 0.00752739814866632, 0.0074050691850413575, 0.007155068370167883, 0.0073105890556370845]
[0.007532731220398992, 0.0074042101397899796, 0.007166673666390677, 0.007314785323250472]
[0.007532731220398992, 0.007532731220398992, 0.0074050691850413575, 0.007166673666390677, 0.007314785323250472]
[0.007532731220398992, 0.007563136271293569, 0.007166673666390677, 0.007314785323250472]
[0.007532731220398992, 0.0074042101397899796, 0.007166673666390677, 0.007314785323250472]
[0.007532731220398992, 0.007532731220398992, 0.0074050691850413575, 0.007166673666390677, 0.007314785323250472]
[0.007532731220398992, 0.007563136271293569, 0.007166673666390677, 0.007314785323250472]
[0.007559949153489232, 0.007428357283412179, 0.0069604203856842295]
[0.007559949153489232, 0.007559949153489232, 0.007428357283412179, 0.006961180912982368]
[0.007559949153489232, 0.007428357283412179, 0.007110864398360728]
[0.007559949153489232, 0.007428357283412179, 0.0069604203856842295]
[0.007559949153489232, 0.007559949153489232, 0.007428357283412179, 0.006961180912982368]
[0.007559949153489232, 0.007428357283412179, 0.007110864398360728]
[0.007566671937728198, 0.007442442072377098, 0.007559949153489232, 0.007076722305109695]
[0.007566671937728198, 0.007566671937728198, 0.007442442072377098, 0.007559949153489232, 0.007076722305109695]
[0.007566671937728198, 0.007442442072377098, 0.007559949153489232, 0.007076722305109695]
[0.007566671937728198, 0.007442442072377098, 0.007559949153489232, 0.007076722305109695]
[0.007566671937728198, 0.007566671937728198, 0.007442442072377098, 0.007559949153489232, 0.007076722305109695]
[0.007566671937728198, 0.007442442072377098, 0.007559949153489232, 0.007076722305109695]
[0.007563136271293569, 0.0071925994107807645, 0.0073470503444243995]
[0.007563136271293569, 0.0071925994107807645, 0.0073470503444243995]
[0.007686012419895305, 0.007007511109660136]
[0.007686012419895305, 0.007007511109660136]
[0.007688739571664049, 0.007563136271293569, 0.007308458362501269, 0.007466953159031342]
[0.007688739571664049, 0.007563136271293569, 0.007308458362501269, 0.007466953159031342]
[0.008434287610508573, 0.0133314510410526, 0.024127305577241298]
[0.008434287610508573, 0.008434287610508573, 0.0133314510410526, 0.024055839144567992]
[0.008434287610508573, 0.0133314510410526, 0.024194196570073045]
[0.008434287610508573, 0.008434287610508573, 0.013346297848947586, 0.024127305577241298]
[0.008434287610508573, 0.014727809450535978, 0.024127305577241298]
[0.008434287610508573, 0.0133314510410526, 0.03605943867065353]
[0.008434287610508573, 0.008434287610508573, 0.008434287610508573, 0.013346297848947586, 0.024055839144567992]
[0.008434287610508573, 0.008434287610508573, 0.013346297848947586, 0.024194196570073045]
[0.008434287610508573, 0.008434287610508573, 0.014727809450535978, 0.024055839144567992]
[0.008434287610508573, 0.014727809450535978, 0.024194196570073045]
[0.008434287610508573, 0.008434287610508573, 0.0133314510410526, 0.03592275930362421]
[0.008434287610508573, 0.0133314510410526, 0.03605943867065353]
[0.008434287610508573, 0.008434287610508573, 0.013346297848947586, 0.03605943867065353]
[0.008434287610508573, 0.014727809450535978, 0.03605943867065353]
[0.008434287610508573, 0.008434287610508573, 0.008434287610508573, 0.013346297848947586, 0.03592275930362421]
[0.008434287610508573, 0.008434287610508573, 0.013346297848947586, 0.03605943867065353]
[0.008434287610508573, 0.008434287610508573, 0.014727809450535978, 0.03592275930362421]
[0.008434287610508573, 0.014727809450535978, 0.03605943867065353]
[0.008624556851063003, 0.024133291114127875]
[0.008624556851063003, 0.008624556851063003, 0.023995649772465377]
[0.008624556851063003, 0.024133291114127875]
[0.008624556851063003, 0.024133291114127875]
[0.008624556851063003, 0.008624556851063003, 0.023995649772465377]
[0.008624556851063003, 0.024133291114127875]
[0.00877440145712094, 0.008624556851063003, 0.024507372087839707]
[0.00877440145712094, 0.00877440145712094, 0.008624556851063003, 0.024367755904621147]
[0.00877440145712094, 0.008624556851063003, 0.024507372087839707]
[0.00877440145712094, 0.008624556851063003, 0.024507372087839707]
[0.00877440145712094, 0.00877440145712094, 0.008624556851063003, 0.024367755904621147]
[0.00877440145712094, 0.008624556851063003, 0.024507372087839707]
[0.012177559739644073, 0.0133314510410526, 0.02374418712846882]
[0.012177559739644073, 0.012177559739644073, 0.0133314510410526, 0.02374418712846882]
[0.012177559739644073, 0.0133314510410526, 0.02374418712846882]
[0.012191027374809149, 0.012177559739644073, 0.013346297848947586, 0.023770121667277544]
[0.012191027374809149, 0.012191027374809149, 0.012177559739644073, 0.013346297848947586, 0.023770121667277544]
[0.012191027374809149, 0.012177559739644073, 0.013346297848947586, 0.023770121667277544]
[0.012350753831714911, 0.013735047004975076, 0.013505838769340417, 0.023912977484634168]
[0.012350753831714911, 0.012350753831714911, 0.013735047004975076, 0.013505838769340417, 0.023912977484634168]
[0.012350753831714911, 0.013735047004975076, 0.013505838769340417, 0.023912977484634168]
[0.0133314510410526, 0.028406644225239752]
