[[14912, 65], [0, 18]]
[[14910, 2, 65], [0, 0, 18]]
[[14753, 240], [0, 2]]
[[14735, 18, 240], [0, 0, 2]]
[[14682, 230, 65], [0, 0, 18]]
[[14680, 2, 230, 65], [0, 0, 0, 18]]
[[14670, 240, 83], [0, 2, 0]]
[[14670, 242, 65], [0, 0, 18]]
[[14670, 0, 240, 65], [0, 0, 2, 0]]
[[14670, 0, 240, 65], [0, 0, 0, 18]]
[[14670, 240, 65], [0, 2, 18]]
[[14589, 323, 2], [0, 0, 18]]
[[14588, 1, 322, 2], [0, 0, 0, 18]]
[[14523, 230, 240], [0, 0, 2]]
[[14513, 65, 399], [0, 18, 0]]
[[14511, 2, 65, 399], [0, 0, 18, 0]]
[[14505, 230, 18, 240], [0, 0, 0, 2]]
[[14440, 230, 240, 83], [0, 0, 2, 0]]
[[14440, 230, 242, 65], [0, 0, 0, 18]]
[[14440, 230, 0, 240, 65], [0, 0, 0, 2, 0]]
[[14440, 0, 230, 240, 65], [0, 0, 0, 0, 18]]
[[14440, 230, 240, 65], [0, 0, 2, 18]]
[[14439, 314, 169], [0, 0, 1]]
[[14421, 18, 314, 169], [0, 0, 0, 1]]
[[14419, 251, 169, 20], [0, 0, 1, 0]]
[[14419, 251, 170, 2], [0, 0, 0, 18]]
[[14419, 0, 251, 169, 2], [0, 0, 0, 1, 0]]
[[14419, 0, 251, 169, 2], [0, 0, 0, 0, 18]]
[[14419, 251, 169, 2], [0, 0, 1, 18]]
[[14359, 230, 323, 2], [0, 0, 0, 18]]
[[14358, 1, 230, 322, 2], [0, 0, 0, 0, 18]]
[[14354, 240, 399], [0, 2, 0]]
[[14336, 18, 240, 399], [0, 0, 2, 0]]
[[14283, 230, 65, 399], [0, 0, 18, 0]]
[[14281, 2, 230, 65, 399], [0, 0, 0, 18, 0]]
[[14271, 240, 83, 399], [0, 2, 0, 0]]
[[14271, 242, 65, 399], [0, 0, 18, 0]]
[[14271, 0, 240, 65, 399], [0, 0, 2, 0, 0]]
[[14271, 0, 240, 65, 399], [0, 0, 0, 18, 0]]
[[14271, 240, 65, 399], [0, 2, 18, 0]]
[[14209, 230, 314, 169], [0, 0, 0, 1]]
[[14208, 65, 704], [0, 18, 0]]
[[14206, 2, 65, 704], [0, 0, 18, 0]]
[[14191, 230, 18, 314, 169], [0, 0, 0, 0, 1]]
[[14190, 323, 2, 399], [0, 0, 18, 0]]
[[14189, 230, 251, 169, 20], [0, 0, 0, 1, 0]]
[[14189, 1, 322, 2, 399], [0, 0, 0, 18, 0]]
[[14189, 230, 251, 170, 2], [0, 0, 0, 0, 18]]
[[14189, 230, 0, 251, 169, 2], [0, 0, 0, 0, 1, 0]]
[[14189, 0, 230, 251, 169, 2], [0, 0, 0, 0, 0, 18]]
[[14189, 230, 251, 169, 2], [0, 0, 0, 1, 18]]
[[14124, 230, 240, 399], [0, 0, 2, 0]]
[[14106, 230, 18, 240, 399], [0, 0, 0, 2, 0]]
[[14049, 240, 704], [0, 2, 0]]
[[14041, 230, 240, 83, 399], [0, 0, 2, 0, 0]]
[[14041, 230, 242, 65, 399], [0, 0, 0, 18, 0]]
[[14041, 230, 0, 240, 65, 399], [0, 0, 0, 2, 0, 0]]
[[14041, 0, 230, 240, 65, 399], [0, 0, 0, 0, 18, 0]]
[[14041, 230, 240, 65, 399], [0, 0, 2, 18, 0]]
[[14040, 314, 169, 399], [0, 0, 1, 0]]
[[14031, 18, 240, 704], [0, 0, 2, 0]]
[[14022, 18, 314, 169, 399], [0, 0, 0, 1, 0]]
[[14020, 251, 169, 20, 399], [0, 0, 1, 0, 0]]
[[14020, 251, 170, 2, 399], [0, 0, 0, 18, 0]]
[[14020, 0, 251, 169, 2, 399], [0, 0, 0, 1, 0, 0]]
[[14020, 0, 251, 169, 2, 399], [0, 0, 0, 0, 18, 0]]
[[14020, 251, 169, 2, 399], [0, 0, 1, 18, 0]]
[[13978, 230, 65, 704], [0, 0, 18, 0]]
[[13976, 2, 230, 65, 704], [0, 0, 0, 18, 0]]
[[13966, 240, 83, 704], [0, 2, 0, 0]]
[[13966, 242, 65, 704], [0, 0, 18, 0]]
[[13966, 0, 240, 65, 704], [0, 0, 2, 0, 0]]
[[13966, 0, 240, 65, 704], [0, 0, 0, 18, 0]]
[[13966, 240, 65, 704], [0, 2, 18, 0]]
[[13960, 230, 323, 2, 399], [0, 0, 0, 18, 0]]
[[13959, 1, 230, 322, 2, 399], [0, 0, 0, 0, 18, 0]]
[[13885, 323, 2, 704], [0, 0, 18, 0]]
[[13884, 1, 322, 2, 704], [0, 0, 0, 18, 0]]
[[13836, 1157], [0, 2]]
[[13821, 15, 932], [0, 0, 0]]
[[13819, 230, 240, 704], [0, 0, 2, 0]]
[[13818, 18, 1157], [0, 0, 2]]
[[13810, 230, 314, 169, 399], [0, 0, 0, 1, 0]]
[[13809, 65, 704, 399], [0, 18, 0, 0]]
[[13807, 2, 65, 704, 399], [0, 0, 18, 0, 0]]
[[13803, 18, 15, 932], [0, 0, 0, 0]]
[[13801, 230, 18, 240, 704], [0, 0, 0, 2, 0]]
[[13792, 230, 18, 314, 169, 399], [0, 0, 0, 0, 1, 0]]
[[13791, 1186], [0, 18]]
[[13791, 1121], [0, 83]]
[[13791, 805], [0, 399]]
[[13791, 0, 1121], [0, 0, 0]]
[[13791, 0, 1121], [0, 0, 65]]
[[13791, 1121], [0, 83]]
[[13791, 787, 0], [0, 18, 0]]
[[13791, 0, 787], [0, 0, 399]]
[[13791, 787], [0, 417]]
[[13791, 722, 0], [0, 83, 0]]
[[13791, 0, 722], [0, 0, 399]]
[[13791, 722], [0, 482]]
[[13791, 0, 722, 0], [0, 0, 0, 0]]
[[13791, 0, 722, 0], [0, 0, 65, 0]]
[[13791, 0, 0, 722], [0, 0, 0, 399]]
[[13791, 722, 0], [0, 83, 0]]
[[13791, 0, 722], [0, 0, 399]]
[[13791, 0, 722], [0, 0, 464]]
[[13791, 722], [0, 482]]
[[13790, 230, 251, 169, 20, 399], [0, 0, 0, 1, 0, 0]]
[[13790, 230, 251, 170, 2, 399], [0, 0, 0, 0, 18, 0]]
[[13790, 230, 0, 251, 169, 2, 399], [0, 0, 0, 0, 1, 0, 0]]
[[13790, 0, 230, 251, 169, 2, 399], [0, 0, 0, 0, 0, 18, 0]]
[[13790, 230, 251, 169, 2, 399], [0, 0, 0, 1, 18, 0]]
[[13789, 2, 1186], [0, 0, 18]]
[[13789, 2, 1121], [0, 0, 83]]
[[13789, 2, 805], [0, 0, 399]]
[[13789, 2, 0, 1121], [0, 0, 0, 0]]
[[13789, 2, 0, 1121], [0, 0, 0, 65]]
[[13789, 2, 1121], [0, 0, 83]]
[[13789, 2, 787, 0], [0, 0, 18, 0]]
[[13789, 2, 0, 787], [0, 0, 0, 399]]
[[13789, 2, 787], [0, 0, 417]]
[[13789, 2, 722, 0], [0, 0, 83, 0]]
[[13789, 2, 0, 722], [0, 0, 0, 399]]
[[13789, 2, 722], [0, 0, 482]]
[[13789, 2, 0, 722, 0], [0, 0, 0, 0, 0]]
[[13789, 2, 0, 722, 0], [0, 0, 0, 65, 0]]
[[13789, 2, 0, 0, 722], [0, 0, 0, 0, 399]]
[[13789, 2, 722, 0], [0, 0, 83, 0]]
[[13789, 2, 0, 722], [0, 0, 0, 399]]
[[13789, 2, 0, 722], [0, 0, 0, 464]]
[[13789, 2, 722], [0, 0, 482]]
[[13753, 83, 1157], [0, 0, 2]]
[[13753, 65, 1159], [0, 18, 0]]
[[13753, 0, 65, 1157], [0, 0, 0, 2]]
[[13753, 0, 65, 1157], [0, 0, 18, 0]]
[[13753, 65, 1157], [0, 18, 2]]
[[13738, 15, 83, 932], [0, 0, 0, 0]]
[[13738, 15, 65, 932], [0, 0, 18, 0]]
[[13738, 0, 15, 65, 932], [0, 0, 0, 0, 0]]
[[13738, 0, 15, 65, 932], [0, 0, 0, 18, 0]]
[[13738, 15, 65, 932], [0, 0, 18, 0]]
[[13736, 230, 240, 83, 704], [0, 0, 2, 0, 0]]
[[13736, 230, 242, 65, 704], [0, 0, 0, 18, 0]]
[[13736, 230, 0, 240, 65, 704], [0, 0, 0, 2, 0, 0]]
[[13736, 0, 230, 240, 65, 704], [0, 0, 0, 0, 18, 0]]
[[13736, 230, 240, 65, 704], [0, 0, 2, 18, 0]]
[[13735, 314, 169, 704], [0, 0, 1, 0]]
[[13717, 18, 314, 169, 704], [0, 0, 0, 1, 0]]
[[13715, 251, 169, 20, 704], [0, 0, 1, 0, 0]]
[[13715, 251, 170, 2, 704], [0, 0, 0, 18, 0]]
[[13715, 0, 251, 169, 2, 704], [0, 0, 0, 1, 0, 0]]
[[13715, 0, 251, 169, 2, 704], [0, 0, 0, 0, 18, 0]]
[[13715, 251, 169, 2, 704], [0, 0, 1, 18, 0]]
[[13678, 158, 930], [0, 0, 1]]
[[13678, 143, 761], [0, 15, 170]]
[[13678, 143, 0, 761], [0, 0, 0, 0]]
[[13678, 0, 143, 761], [0, 0, 15, 169]]
[[13678, 143, 761], [0, 15, 170]]
[[13660, 18, 158, 930], [0, 0, 0, 1]]
[[13660, 18, 143, 761], [0, 0, 15, 170]]
[[13660, 18, 143, 0, 761], [0, 0, 0, 0, 0]]
[[13660, 0, 18, 143, 761], [0, 0, 0, 15, 169]]
[[13660, 18, 143, 761], [0, 0, 15, 170]]
[[13658, 95, 20, 930], [0, 0, 0, 1]]
[[13658, 95, 2, 931], [0, 0, 18, 0]]
[[13658, 80, 20, 761], [0, 15, 0, 170]]
[[13658, 0, 95, 2, 930], [0, 0, 0, 0, 1]]
[[13658, 0, 95, 2, 930], [0, 0, 0, 18, 0]]
[[13658, 95, 2, 930], [0, 0, 18, 1]]
[[13658, 80, 0, 20, 761], [0, 0, 0, 0, 0]]
[[13658, 0, 80, 20, 761], [0, 0, 15, 0, 169]]
[[13658, 80, 20, 761], [0, 15, 0, 170]]
[[13658, 80, 0, 2, 761], [0, 0, 0, 18, 0]]
[[13658, 0, 80, 2, 761], [0, 0, 15, 0, 170]]
[[13658, 80, 2, 761], [0, 15, 18, 170]]
[[13658, 0, 80, 0, 2, 761], [0, 0, 0, 0, 0, 0]]
[[13658, 0, 80, 0, 2, 761], [0, 0, 0, 0, 18, 0]]
[[13658, 0, 0, 80, 2, 761], [0, 0, 0, 15, 0, 169]]
[[13658, 80, 0, 2, 761], [0, 0, 0, 18, 0]]
[[13658, 0, 80, 2, 761], [0, 0, 15, 0, 170]]
[[13658, 0, 80, 2, 761], [0, 0, 15, 18, 169]]
[[13658, 80, 2, 761], [0, 15, 18, 170]]
[[13655, 230, 323, 2, 704], [0, 0, 0, 18, 0]]
[[13654, 1, 230, 322, 2, 704], [0, 0, 0, 0, 18, 0]]
[[13650, 240, 704, 399], [0, 2, 0, 0]]
[[13632, 18, 240, 704, 399], [0, 0, 2, 0, 0]]
[[13606, 230, 1157], [0, 0, 2]]
[[13591, 230, 15, 932], [0, 0, 0, 0]]
[[13588, 230, 18, 1157], [0, 0, 0, 2]]
[[13585, 65, 1327], [0, 18, 0]]
[[13583, 2, 65, 1327], [0, 0, 18, 0]]
[[13579, 230, 65, 704, 399], [0, 0, 18, 0, 0]]
[[13577, 2, 230, 65, 704, 399], [0, 0, 0, 18, 0, 0]]
[[13573, 230, 18, 15, 932], [0, 0, 0, 0, 0]]
[[13567, 240, 83, 704, 399], [0, 2, 0, 0, 0]]
[[13567, 242, 65, 704, 399], [0, 0, 18, 0, 0]]
[[13567, 0, 240, 65, 704, 399], [0, 0, 2, 0, 0, 0]]
[[13567, 0, 240, 65, 704, 399], [0, 0, 0, 18, 0, 0]]
[[13567, 240, 65, 704, 399], [0, 2, 18, 0, 0]]
[[13561, 230, 1186], [0, 0, 18]]
[[13561, 230, 1121], [0, 0, 83]]
[[13561, 230, 805], [0, 0, 399]]
[[13561, 230, 0, 1121], [0, 0, 0, 0]]
[[13561, 230, 0, 1121], [0, 0, 0, 65]]
[[13561, 230, 1121], [0, 0, 83]]
[[13561, 230, 787, 0], [0, 0, 18, 0]]
[[13561, 230, 0, 787], [0, 0, 0, 399]]
[[13561, 230, 787], [0, 0, 417]]
[[13561, 230, 722, 0], [0, 0, 83, 0]]
[[13561, 230, 0, 722], [0, 0, 0, 399]]
[[13561, 230, 722], [0, 0, 482]]
[[13561, 230, 0, 722, 0], [0, 0, 0, 0, 0]]
[[13561, 230, 0, 722, 0], [0, 0, 0, 65, 0]]
[[13561, 230, 0, 0, 722], [0, 0, 0, 0, 399]]
[[13561, 230, 722, 0], [0, 0, 83, 0]]
[[13561, 230, 0, 722], [0, 0, 0, 399]]
[[13561, 230, 0, 722], [0, 0, 0, 464]]
[[13561, 230, 722], [0, 0, 482]]
[[13559, 2, 230, 1186], [0, 0, 0, 18]]
[[13559, 2, 230, 1121], [0, 0, 0, 83]]
[[13559, 2, 230, 805], [0, 0, 0, 399]]
[[13559, 2, 230, 0, 1121], [0, 0, 0, 0, 0]]
[[13559, 2, 230, 0, 1121], [0, 0, 0, 0, 65]]
[[13559, 2, 230, 1121], [0, 0, 0, 83]]
[[13559, 2, 230, 787, 0], [0, 0, 0, 18, 0]]
[[13559, 2, 230, 0, 787], [0, 0, 0, 0, 399]]
[[13559, 2, 230, 787], [0, 0, 0, 417]]
[[13559, 2, 230, 722, 0], [0, 0, 0, 83, 0]]
[[13559, 2, 230, 0, 722], [0, 0, 0, 0, 399]]
[[13559, 2, 230, 722], [0, 0, 0, 482]]
[[13559, 2, 230, 0, 722, 0], [0, 0, 0, 0, 0, 0]]
[[13559, 2, 230, 0, 722, 0], [0, 0, 0, 0, 65, 0]]
[[13559, 2, 230, 0, 0, 722], [0, 0, 0, 0, 0, 399]]
[[13559, 2, 230, 722, 0], [0, 0, 0, 83, 0]]
[[13559, 2, 230, 0, 722], [0, 0, 0, 0, 399]]
[[13559, 2, 230, 0, 722], [0, 0, 0, 0, 464]]
[[13559, 2, 230, 722], [0, 0, 0, 482]]
[[13549, 240, 1204], [0, 2, 0]]
[[13549, 242, 1186], [0, 0, 18]]
[[13549, 242, 1121], [0, 0, 83]]
[[13549, 242, 805], [0, 0, 399]]
[[13549, 0, 240, 1186], [0, 0, 2, 0]]
[[13549, 0, 240, 1186], [0, 0, 0, 18]]
[[13549, 240, 1186], [0, 2, 18]]
[[13549, 240, 0, 1121], [0, 2, 0, 0]]
[[13549, 0, 240, 1121], [0, 0, 0, 83]]
[[13549, 240, 1121], [0, 2, 83]]
[[13549, 240, 805, 0], [0, 2, 0, 0]]
[[13549, 0, 240, 805], [0, 0, 0, 399]]
[[13549, 240, 805], [0, 2, 399]]
[[13549, 242, 0, 1121], [0, 0, 0, 0]]
[[13549, 0, 242, 1121], [0, 0, 0, 65]]
[[13549, 242, 1121], [0, 0, 83]]
[[13549, 242, 787, 0], [0, 0, 18, 0]]
[[13549, 0, 242, 787], [0, 0, 0, 399]]
[[13549, 242, 787], [0, 0, 417]]
[[13549, 242, 722, 0], [0, 0, 83, 0]]
[[13549, 242, 0, 722], [0, 0, 0, 399]]
[[13549, 242, 722], [0, 0, 482]]
[[13549, 0, 240, 0, 1121], [0, 0, 2, 0, 0]]
[[13549, 0, 240, 0, 1121], [0, 0, 0, 0, 0]]
[[13549, 0, 0, 240, 1121], [0, 0, 0, 0, 65]]
[[13549, 240, 0, 1121], [0, 2, 0, 0]]
[[13549, 0, 240, 1121], [0, 0, 2, 65]]
[[13549, 0, 240, 1121], [0, 0, 0, 83]]
[[13549, 240, 1121], [0, 2, 83]]
[[13549, 0, 240, 787, 0], [0, 0, 2, 0, 0]]
[[13549, 0, 240, 787, 0], [0, 0, 0, 18, 0]]
[[13549, 0, 0, 240, 787], [0, 0, 0, 0, 399]]
[[13549, 240, 787, 0], [0, 2, 18, 0]]
[[13549, 0, 240, 787], [0, 0, 2, 399]]
[[13549, 0, 240, 787], [0, 0, 0, 417]]
[[13549, 240, 787], [0, 2, 417]]
[[13549, 240, 0, 722, 0], [0, 2, 0, 0, 0]]
[[13549, 0, 240, 722, 0], [0, 0, 0, 83, 0]]
[[13549, 0, 240, 0, 722], [0, 0, 0, 0, 399]]
[[13549, 240, 722, 0], [0, 2, 83, 0]]
[[13549, 240, 0, 722], [0, 2, 0, 399]]
[[13549, 0, 240, 722], [0, 0, 0, 482]]
[[13549, 240, 722], [0, 2, 482]]
[[13549, 242, 0, 722, 0], [0, 0, 0, 0, 0]]
[[13549, 0, 242, 722, 0], [0, 0, 0, 65, 0]]
[[13549, 0, 242, 0, 722], [0, 0, 0, 0, 399]]
[[13549, 242, 722, 0], [0, 0, 83, 0]]
[[13549, 242, 0, 722], [0, 0, 0, 399]]
[[13549, 0, 242, 722], [0, 0, 0, 464]]
[[13549, 242, 722], [0, 0, 482]]
[[13549, 0, 240, 0, 722, 0], [0, 0, 2, 0, 0, 0]]
[[13549, 0, 240, 0, 722, 0], [0, 0, 0, 0, 0, 0]]
[[13549, 0, 0, 240, 722, 0], [0, 0, 0, 0, 65, 0]]
[[13549, 0, 0, 240, 0, 722], [0, 0, 0, 0, 0, 399]]
[[13549, 240, 0, 722, 0], [0, 2, 0, 0, 0]]
[[13549, 0, 240, 722, 0], [0, 0, 2, 65, 0]]
[[13549, 0, 240, 0, 722], [0, 0, 2, 0, 399]]
[[13549, 0, 240, 722, 0], [0, 0, 0, 83, 0]]
[[13549, 0, 240, 0, 722], [0, 0, 0, 0, 399]]
[[13549, 0, 0, 240, 722], [0, 0, 0, 0, 464]]
[[13549, 240, 722, 0], [0, 2, 83, 0]]
[[13549, 240, 0, 722], [0, 2, 0, 399]]
[[13549, 0, 240, 722], [0, 0, 2, 464]]
[[13549, 0, 240, 722], [0, 0, 0, 482]]
[[13549, 240, 722], [0, 2, 482]]
[[13523, 230, 83, 1157], [0, 0, 0, 2]]
[[13523, 230, 65, 1159], [0, 0, 18, 0]]
[[13523, 230, 0, 65, 1157], [0, 0, 0, 0, 2]]
[[13523, 0, 230, 65, 1157], [0, 0, 0, 18, 0]]
[[13523, 230, 65, 1157], [0, 0, 18, 2]]
[[13508, 283, 1083], [0, 0, 18]]
[[13508, 283, 1081], [0, 0, 20]]
[[13508, 283, 702], [0, 0, 399]]
[[13508, 283, 0, 1081], [0, 0, 0, 0]]
[[13508, 0, 283, 1081], [0, 0, 0, 2]]
[[13508, 283, 1081], [0, 0, 20]]
[[13508, 283, 684, 0], [0, 0, 18, 0]]
[[13508, 0, 283, 684], [0, 0, 0, 399]]
[[13508, 283, 684], [0, 0, 417]]
[[13508, 283, 682, 0], [0, 0, 20, 0]]
[[13508, 283, 0, 682], [0, 0, 0, 399]]
[[13508, 283, 682], [0, 0, 419]]
[[13508, 230, 15, 83, 932], [0, 0, 0, 0, 0]]
[[13508, 230, 15, 65, 932], [0, 0, 0, 18, 0]]
[[13508, 283, 0, 682, 0], [0, 0, 0, 0, 0]]
[[13508, 0, 283, 682, 0], [0, 0, 0, 2, 0]]
[[13508, 0, 283, 0, 682], [0, 0, 0, 0, 399]]
[[13508, 283, 682, 0], [0, 0, 20, 0]]
[[13508, 283, 0, 682], [0, 0, 0, 399]]
[[13508, 0, 283, 682], [0, 0, 0, 401]]
[[13508, 283, 682], [0, 0, 419]]
[[13508, 230, 0, 15, 65, 932], [0, 0, 0, 0, 0, 0]]
[[13508, 0, 230, 15, 65, 932], [0, 0, 0, 0, 18, 0]]
[[13508, 230, 15, 65, 932], [0, 0, 0, 18, 0]]
[[13507, 1, 282, 1083], [0, 0, 0, 18]]
[[13507, 1, 282, 1081], [0, 0, 0, 20]]
[[13507, 1, 282, 702], [0, 0, 0, 399]]
[[13507, 1, 282, 0, 1081], [0, 0, 0, 0, 0]]
[[13507, 1, 0, 282, 1081], [0, 0, 0, 0, 2]]
[[13507, 1, 282, 1081], [0, 0, 0, 20]]
[[13507, 1, 282, 684, 0], [0, 0, 0, 18, 0]]
[[13507, 1, 0, 282, 684], [0, 0, 0, 0, 399]]
[[13507, 1, 282, 684], [0, 0, 0, 417]]
[[13507, 1, 282, 682, 0], [0, 0, 0, 20, 0]]
[[13507, 1, 282, 0, 682], [0, 0, 0, 0, 399]]
[[13507, 1, 282, 682], [0, 0, 0, 419]]
[[13507, 1, 282, 0, 682, 0], [0, 0, 0, 0, 0, 0]]
[[13507, 1, 0, 282, 682, 0], [0, 0, 0, 0, 2, 0]]
[[13507, 1, 0, 282, 0, 682], [0, 0, 0, 0, 0, 399]]
[[13507, 1, 282, 682, 0], [0, 0, 0, 20, 0]]
[[13507, 1, 282, 0, 682], [0, 0, 0, 0, 399]]
[[13507, 1, 0, 282, 682], [0, 0, 0, 0, 401]]
[[13507, 1, 282, 682], [0, 0, 0, 419]]
[[13505, 230, 314, 169, 704], [0, 0, 0, 1, 0]]
[[14608, 385], [1, 1]]
[[14590, 18, 385], [1, 0, 1]]
[[14588, 322, 20], [1, 1, 0]]
[[14588, 0, 322, 2], [1, 0, 1, 0]]
[[14588, 322, 2], [1, 1, 18]]
[[14378, 230, 385], [1, 0, 1]]
[[14360, 230, 18, 385], [1, 0, 0, 1]]
[[14358, 230, 322, 20], [1, 0, 1, 0]]
[[14358, 230, 0, 322, 2], [1, 0, 0, 1, 0]]
[[14358, 230, 322, 2], [1, 0, 1, 18]]
[[14209, 385, 399], [1, 1, 0]]
[[14191, 18, 385, 399], [1, 0, 1, 0]]
[[14189, 322, 20, 399], [1, 1, 0, 0]]
[[14189, 0, 322, 2, 399], [1, 0, 1, 0, 0]]
[[14189, 322, 2, 399], [1, 1, 18, 0]]
[[13979, 230, 385, 399], [1, 0, 1, 0]]
[[13961, 230, 18, 385, 399], [1, 0, 0, 1, 0]]
[[13959, 230, 322, 20, 399], [1, 0, 1, 0, 0]]
[[13959, 230, 0, 322, 2, 399], [1, 0, 0, 1, 0, 0]]
[[13959, 230, 322, 2, 399], [1, 0, 1, 18, 0]]
[[13904, 385, 704], [1, 1, 0]]
[[13886, 18, 385, 704], [1, 0, 1, 0]]
[[13884, 322, 20, 704], [1, 1, 0, 0]]
[[13884, 0, 322, 2, 704], [1, 0, 1, 0, 0]]
[[13884, 322, 2, 704], [1, 1, 18, 0]]
[[13674, 230, 385, 704], [1, 0, 1, 0]]
[[13656, 230, 18, 385, 704], [1, 0, 0, 1, 0]]
[[13654, 230, 322, 20, 704], [1, 0, 1, 0, 0]]
[[13654, 230, 0, 322, 2, 704], [1, 0, 0, 1, 0, 0]]
[[13654, 230, 322, 2, 704], [1, 0, 1, 18, 0]]
[[13507, 282, 1101], [1, 1, 0]]
[[13507, 0, 282, 1083], [1, 0, 1, 0]]
[[13507, 282, 1083], [1, 1, 18]]
[[13507, 282, 0, 1081], [1, 1, 0, 0]]
[[13507, 282, 1081], [1, 1, 20]]
[[13507, 282, 702, 0], [1, 1, 0, 0]]
[[13507, 282, 702], [1, 1, 399]]
[[13507, 0, 282, 0, 1081], [1, 0, 1, 0, 0]]
[[13507, 282, 0, 1081], [1, 1, 0, 0]]
[[13507, 0, 282, 1081], [1, 0, 1, 2]]
[[13507, 282, 1081], [1, 1, 20]]
[[13507, 0, 282, 684, 0], [1, 0, 1, 0, 0]]
[[13507, 282, 684, 0], [1, 1, 18, 0]]
[[13507, 0, 282, 684], [1, 0, 1, 399]]
[[13507, 282, 684], [1, 1, 417]]
[[13507, 282, 0, 682, 0], [1, 1, 0, 0, 0]]
[[13507, 282, 682, 0], [1, 1, 20, 0]]
[[13507, 282, 0, 682], [1, 1, 0, 399]]
[[13507, 282, 682], [1, 1, 419]]
[[13507, 0, 282, 0, 682, 0], [1, 0, 1, 0, 0, 0]]
[[13507, 282, 0, 682, 0], [1, 1, 0, 0, 0]]
[[13507, 0, 282, 682, 0], [1, 0, 1, 2, 0]]
[[13507, 0, 282, 0, 682], [1, 0, 1, 0, 399]]
[[13507, 282, 682, 0], [1, 1, 20, 0]]
[[13507, 282, 0, 682], [1, 1, 0, 399]]
[[13507, 0, 282, 682], [1, 0, 1, 401]]
[[13507, 282, 682], [1, 1, 419]]
[[13505, 385, 704, 399], [1, 1, 0, 0]]
[[14975, 18], [2, 0]]
[[14910, 83], [2, 0]]
[[14910, 0, 65], [2, 0, 0]]
[[14910, 65], [2, 18]]
[[14763, 230], [2, 0]]
[[14745, 230, 18], [2, 0, 0]]
[[14680, 230, 83], [2, 0, 0]]
[[14680, 230, 0, 65], [2, 0, 0, 0]]
[[14680, 230, 65], [2, 0, 18]]
[[14594, 399], [2, 0]]
[[14589, 0, 323], [2, 18, 63]]
[[14588, 1, 0, 322], [2, 0, 18, 63]]
[[14576, 18, 399], [2, 0, 0]]
[[14511, 83, 399], [2, 0, 0]]
[[14511, 0, 65, 399], [2, 0, 0, 0]]
[[14511, 65, 399], [2, 18, 0]]
[[14419, 0, 251, 170], [2, 18, 63, 0]]
[[14419, 0, 0, 251, 169], [2, 0, 18, 63, 0]]
[[14419, 0, 251, 169], [2, 18, 63, 1]]
[[14364, 230, 399], [2, 0, 0]]
[[14359, 230, 0, 323], [2, 0, 18, 63]]
[[14358, 1, 230, 0, 322], [2, 0, 0, 18, 63]]
[[14346, 230, 18, 399], [2, 0, 0, 0]]
[[14289, 704], [2, 0]]
[[14281, 230, 83, 399], [2, 0, 0, 0]]
[[14281, 230, 0, 65, 399], [2, 0, 0, 0, 0]]
[[14281, 230, 65, 399], [2, 0, 18, 0]]
[[14271, 18, 704], [2, 0, 0]]
[[14206, 83, 704], [2, 0, 0]]
[[14206, 0, 65, 704], [2, 0, 0, 0]]
[[14206, 65, 704], [2, 18, 0]]
[[14190, 0, 323, 399], [2, 18, 63, 0]]
[[14189, 1, 0, 322, 399], [2, 0, 18, 63, 0]]
[[14189, 230, 0, 251, 170], [2, 0, 18, 63, 0]]
[[14189, 0, 230, 0, 251, 169], [2, 0, 0, 18, 63, 0]]
[[14189, 230, 0, 251, 169], [2, 0, 18, 63, 1]]
[[14059, 230, 704], [2, 0, 0]]
[[14041, 230, 18, 704], [2, 0, 0, 0]]
[[14020, 0, 251, 170, 399], [2, 18, 63, 0, 0]]
[[14020, 0, 0, 251, 169, 399], [2, 0, 18, 63, 0, 0]]
[[14020, 0, 251, 169, 399], [2, 18, 63, 1, 0]]
[[13976, 230, 83, 704], [2, 0, 0, 0]]
[[13976, 230, 0, 65, 704], [2, 0, 0, 0, 0]]
[[13976, 230, 65, 704], [2, 0, 18, 0]]
[[13960, 230, 0, 323, 399], [2, 0, 18, 63, 0]]
[[13959, 1, 230, 0, 322, 399], [2, 0, 0, 18, 63, 0]]
[[13890, 704, 399], [2, 0, 0]]
[[13885, 0, 323, 704], [2, 18, 63, 0]]
[[13884, 1, 0, 322, 704], [2, 0, 18, 63, 0]]
[[13872, 18, 704, 399], [2, 0, 0, 0]]
[[13807, 83, 704, 399], [2, 0, 0, 0]]
[[13807, 0, 65, 704, 399], [2, 0, 0, 0, 0]]
[[13807, 65, 704, 399], [2, 18, 0, 0]]
[[13790, 230, 0, 251, 170, 399], [2, 0, 18, 63, 0, 0]]
[[13790, 0, 230, 0, 251, 169, 399], [2, 0, 0, 18, 63, 0, 0]]
[[13790, 230, 0, 251, 169, 399], [2, 0, 18, 63, 1, 0]]
[[13789, 1204], [2, 0]]
[[13789, 0, 1186], [2, 0, 0]]
[[13789, 1186], [2, 18]]
[[13789, 0, 1121], [2, 0, 0]]
[[13789, 1121], [2, 83]]
[[13789, 805, 0], [2, 0, 0]]
[[13789, 805], [2, 399]]
[[13789, 0, 0, 1121], [2, 0, 0, 0]]
[[13789, 0, 1121], [2, 0, 0]]
[[13789, 0, 1121], [2, 0, 65]]
[[13789, 1121], [2, 83]]
[[13789, 0, 787, 0], [2, 0, 0, 0]]
[[13789, 787, 0], [2, 18, 0]]
[[13789, 0, 787], [2, 0, 399]]
[[13789, 787], [2, 417]]
[[13789, 0, 722, 0], [2, 0, 0, 0]]
[[13789, 722, 0], [2, 83, 0]]
[[13789, 0, 722], [2, 0, 399]]
[[13789, 722], [2, 482]]
[[13789, 0, 0, 722, 0], [2, 0, 0, 0, 0]]
[[13789, 0, 722, 0], [2, 0, 0, 0]]
[[13789, 0, 722, 0], [2, 0, 65, 0]]
[[13789, 0, 0, 722], [2, 0, 0, 399]]
[[13789, 722, 0], [2, 83, 0]]
[[13789, 0, 722], [2, 0, 399]]
[[13789, 0, 722], [2, 0, 464]]
[[13789, 722], [2, 482]]
[[13715, 0, 251, 170, 704], [2, 18, 63, 0, 0]]
[[13715, 0, 0, 251, 169, 704], [2, 0, 18, 63, 0, 0]]
[[13715, 0, 251, 169, 704], [2, 18, 63, 1, 0]]
[[13666, 1327], [2, 0]]
[[13660, 230, 704, 399], [2, 0, 0, 0]]
[[13658, 0, 95, 931], [2, 18, 63, 0]]
[[13658, 0, 0, 95, 930], [2, 0, 18, 63, 0]]
[[13658, 0, 95, 930], [2, 18, 63, 1]]
[[13658, 0, 80, 0, 761], [2, 18, 63, 0, 0]]
[[13658, 0, 80, 761], [2, 18, 78, 170]]
[[13658, 0, 0, 80, 0, 761], [2, 0, 18, 63, 0, 0]]
[[13658, 0, 80, 0, 761], [2, 18, 63, 0, 0]]
[[13658, 0, 0, 80, 761], [2, 0, 18, 78, 169]]
[[13658, 0, 80, 761], [2, 18, 78, 170]]
[[13655, 230, 0, 323, 704], [2, 0, 18, 63, 0]]
[[13654, 1, 230, 0, 322, 704], [2, 0, 0, 18, 63, 0]]
[[13648, 18, 1327], [2, 0, 0]]
[[13642, 230, 18, 704, 399], [2, 0, 0, 0, 0]]
[[13583, 83, 1327], [2, 0, 0]]
[[13583, 0, 65, 1327], [2, 0, 0, 0]]
[[13583, 65, 1327], [2, 18, 0]]
[[13577, 230, 83, 704, 399], [2, 0, 0, 0, 0]]
[[13577, 230, 0, 65, 704, 399], [2, 0, 0, 0, 0, 0]]
[[13577, 230, 65, 704, 399], [2, 0, 18, 0, 0]]
[[13559, 230, 1204], [2, 0, 0]]
[[13559, 230, 0, 1186], [2, 0, 0, 0]]
[[13559, 230, 1186], [2, 0, 18]]
[[13559, 230, 0, 1121], [2, 0, 0, 0]]
[[13559, 230, 1121], [2, 0, 83]]
[[13559, 230, 805, 0], [2, 0, 0, 0]]
[[13559, 230, 805], [2, 0, 399]]
[[13559, 230, 0, 0, 1121], [2, 0, 0, 0, 0]]
[[13559, 230, 0, 1121], [2, 0, 0, 0]]
[[13559, 230, 0, 1121], [2, 0, 0, 65]]
[[13559, 230, 1121], [2, 0, 83]]
[[13559, 230, 0, 787, 0], [2, 0, 0, 0, 0]]
[[13559, 230, 787, 0], [2, 0, 18, 0]]
[[13559, 230, 0, 787], [2, 0, 0, 399]]
[[13559, 230, 787], [2, 0, 417]]
[[13559, 230, 0, 722, 0], [2, 0, 0, 0, 0]]
[[13559, 230, 722, 0], [2, 0, 83, 0]]
[[13559, 230, 0, 722], [2, 0, 0, 399]]
[[13559, 230, 722], [2, 0, 482]]
[[13559, 230, 0, 0, 722, 0], [2, 0, 0, 0, 0, 0]]
[[13559, 230, 0, 722, 0], [2, 0, 0, 0, 0]]
[[13559, 230, 0, 722, 0], [2, 0, 0, 65, 0]]
[[13559, 230, 0, 0, 722], [2, 0, 0, 0, 399]]
[[13559, 230, 722, 0], [2, 0, 83, 0]]
[[13559, 230, 0, 722], [2, 0, 0, 399]]
[[13559, 230, 0, 722], [2, 0, 0, 464]]
[[13559, 230, 722], [2, 0, 482]]
[[14588, 0, 322], [3, 18, 64]]
[[14358, 230, 0, 322], [3, 0, 18, 64]]
[[14189, 0, 322, 399], [3, 18, 64, 0]]
[[13959, 230, 0, 322, 399], [3, 0, 18, 64, 0]]
[[13884, 0, 322, 704], [3, 18, 64, 0]]
[[13654, 230, 0, 322, 704], [3, 0, 18, 64, 0]]
[[13821, 932], [15, 227]]
[[13821, 0, 932], [15, 0, 225]]
[[13821, 932], [15, 227]]
[[13803, 18, 932], [15, 0, 227]]
[[13803, 0, 18, 932], [15, 0, 0, 225]]
[[13803, 18, 932], [15, 0, 227]]
[[13738, 83, 932], [15, 0, 227]]
[[13738, 0, 83, 932], [15, 0, 0, 225]]
[[13738, 83, 932], [15, 0, 227]]
[[13738, 0, 65, 932], [15, 0, 0, 227]]
[[13738, 65, 932], [15, 18, 227]]
[[13738, 0, 0, 65, 932], [15, 0, 0, 0, 225]]
[[13738, 0, 65, 932], [15, 0, 0, 227]]
[[13738, 0, 65, 932], [15, 0, 18, 225]]
[[13738, 65, 932], [15, 18, 227]]
[[13591, 230, 932], [15, 0, 227]]
[[13591, 0, 230, 932], [15, 0, 0, 225]]
[[13591, 230, 932], [15, 0, 227]]
[[13573, 230, 18, 932], [15, 0, 0, 227]]
[[13573, 0, 230, 18, 932], [15, 0, 0, 0, 225]]
[[13573, 230, 18, 932], [15, 0, 0, 227]]
[[13508, 230, 83, 932], [15, 0, 0, 227]]
[[13508, 0, 230, 83, 932], [15, 0, 0, 0, 225]]
[[13508, 230, 83, 932], [15, 0, 0, 227]]
[[13508, 230, 0, 65, 932], [15, 0, 0, 0, 227]]
[[13508, 230, 65, 932], [15, 0, 18, 227]]
[[13508, 0, 230, 0, 65, 932], [15, 0, 0, 0, 0, 225]]
[[13508, 230, 0, 65, 932], [15, 0, 0, 0, 227]]
[[13508, 0, 230, 65, 932], [15, 0, 0, 18, 225]]
[[13508, 230, 65, 932], [15, 0, 18, 227]]
[[14975, 2], [18, 0]]
[[14747, 230], [18, 0]]
[[14745, 2, 230], [18, 0, 0]]
[[14735, 242], [18, 0]]
[[14735, 0, 240], [18, 0, 0]]
[[14735, 240], [18, 2]]
[[14591, 386], [18, 0]]
[[14590, 1, 385], [18, 0, 0]]
[[14578, 399], [18, 0]]
[[14576, 2, 399], [18, 0, 0]]
[[14505, 230, 242], [18, 0, 0]]
[[14505, 0, 230, 240], [18, 0, 0, 0]]
[[14505, 230, 240], [18, 0, 2]]
[[14421, 314, 170], [18, 0, 0]]
[[14421, 0, 314, 169], [18, 0, 0, 0]]
[[14421, 314, 169], [18, 0, 1]]
[[14361, 230, 386], [18, 0, 0]]
[[14360, 1, 230, 385], [18, 0, 0, 0]]
[[14348, 230, 399], [18, 0, 0]]
[[14346, 2, 230, 399], [18, 0, 0, 0]]
[[14336, 242, 399], [18, 0, 0]]
[[14336, 0, 240, 399], [18, 0, 0, 0]]
[[14336, 240, 399], [18, 2, 0]]
[[14273, 704], [18, 0]]
[[14271, 2, 704], [18, 0, 0]]
[[14192, 386, 399], [18, 0, 0]]
[[14191, 1, 385, 399], [18, 0, 0, 0]]
[[14191, 230, 314, 170], [18, 0, 0, 0]]
[[14191, 0, 230, 314, 169], [18, 0, 0, 0, 0]]
[[14191, 230, 314, 169], [18, 0, 0, 1]]
[[14106, 230, 242, 399], [18, 0, 0, 0]]
[[14106, 0, 230, 240, 399], [18, 0, 0, 0, 0]]
[[14106, 230, 240, 399], [18, 0, 2, 0]]
[[14043, 230, 704], [18, 0, 0]]
[[14041, 2, 230, 704], [18, 0, 0, 0]]
[[14031, 242, 704], [18, 0, 0]]
[[14031, 0, 240, 704], [18, 0, 0, 0]]
[[14031, 240, 704], [18, 2, 0]]
[[14022, 314, 170, 399], [18, 0, 0, 0]]
[[14022, 0, 314, 169, 399], [18, 0, 0, 0, 0]]
[[14022, 314, 169, 399], [18, 0, 1, 0]]
[[13962, 230, 386, 399], [18, 0, 0, 0]]
[[13961, 1, 230, 385, 399], [18, 0, 0, 0, 0]]
[[13887, 386, 704], [18, 0, 0]]
[[13886, 1, 385, 704], [18, 0, 0, 0]]
[[13874, 704, 399], [18, 0, 0]]
[[13872, 2, 704, 399], [18, 0, 0, 0]]
[[14590, 385], [19, 1]]
[[13818, 1159], [18, 0]]
[[13818, 0, 1157], [18, 0, 0]]
[[13818, 1157], [18, 2]]
[[13803, 15, 932], [18, 0, 0]]
[[13803, 0, 15, 932], [18, 0, 0, 0]]
[[13803, 15, 932], [18, 0, 0]]
[[13801, 230, 242, 704], [18, 0, 0, 0]]
[[13801, 0, 230, 240, 704], [18, 0, 0, 0, 0]]
[[13801, 230, 240, 704], [18, 0, 2, 0]]
[[13792, 230, 314, 170, 399], [18, 0, 0, 0, 0]]
[[13792, 0, 230, 314, 169, 399], [18, 0, 0, 0, 0, 0]]
[[13792, 230, 314, 169, 399], [18, 0, 0, 1, 0]]
[[13717, 314, 170, 704], [18, 0, 0, 0]]
[[13717, 0, 314, 169, 704], [18, 0, 0, 0, 0]]
[[13717, 314, 169, 704], [18, 0, 1, 0]]
[[13660, 158, 931], [18, 0, 0]]
[[13660, 0, 158, 930], [18, 0, 0, 0]]
[[13660, 158, 930], [18, 0, 1]]
[[13660, 143, 0, 761], [18, 0, 0, 0]]
[[13660, 143, 761], [18, 15, 170]]
[[13660, 0, 143, 0, 761], [18, 0, 0, 0, 0]]
[[13660, 143, 0, 761], [18, 0, 0, 0]]
[[13660, 0, 143, 761], [18, 0, 15, 169]]
[[13660, 143, 761], [18, 15, 170]]
[[13657, 230, 386, 704], [18, 0, 0, 0]]
[[13656, 1, 230, 385, 704], [18, 0, 0, 0, 0]]
[[13650, 1327], [18, 0]]
[[13648, 2, 1327], [18, 0, 0]]
[[13644, 230, 704, 399], [18, 0, 0, 0]]
[[13642, 2, 230, 704, 399], [18, 0, 0, 0, 0]]
[[13632, 242, 704, 399], [18, 0, 0, 0]]
[[13632, 0, 240, 704, 399], [18, 0, 0, 0, 0]]
[[13632, 240, 704, 399], [18, 2, 0, 0]]
[[14360, 230, 385], [19, 0, 1]]
[[13588, 230, 1159], [18, 0, 0]]
[[13588, 0, 230, 1157], [18, 0, 0, 0]]
[[13588, 230, 1157], [18, 0, 2]]
[[13573, 230, 15, 932], [18, 0, 0, 0]]
[[13573, 0, 230, 15, 932], [18, 0, 0, 0, 0]]
[[13573, 230, 15, 932], [18, 0, 0, 0]]
[[14191, 385, 399], [19, 1, 0]]
[[14745, 230], [20, 0]]
[[13961, 230, 385, 399], [19, 0, 1, 0]]
[[13886, 385, 704], [19, 1, 0]]
[[14589, 323], [20, 63]]
[[14589, 323], [20, 63]]
[[14588, 1, 322], [20, 0, 63]]
[[14588, 1, 322], [20, 0, 63]]
[[14576, 399], [20, 0]]
[[14419, 251, 170], [20, 63, 0]]
[[14419, 0, 251, 169], [20, 0, 63, 0]]
[[14419, 251, 169], [20, 63, 1]]
[[14419, 251, 170], [20, 63, 0]]
[[14419, 0, 251, 169], [20, 0, 63, 0]]
[[14419, 251, 169], [20, 63, 1]]
[[13656, 230, 385, 704], [19, 0, 1, 0]]
[[14359, 230, 323], [20, 0, 63]]
[[14359, 230, 323], [20, 0, 63]]
[[14358, 1, 230, 322], [20, 0, 0, 63]]
[[14358, 1, 230, 322], [20, 0, 0, 63]]
[[14346, 230, 399], [20, 0, 0]]
[[14271, 704], [20, 0]]
[[14190, 323, 399], [20, 63, 0]]
[[14190, 323, 399], [20, 63, 0]]
[[14189, 1, 322, 399], [20, 0, 63, 0]]
[[14189, 230, 251, 170], [20, 0, 63, 0]]
[[14189, 0, 230, 251, 169], [20, 0, 0, 63, 0]]
[[14189, 230, 251, 169], [20, 0, 63, 1]]
[[14189, 1, 322, 399], [20, 0, 63, 0]]
[[14189, 230, 251, 170], [20, 0, 63, 0]]
[[14189, 0, 230, 251, 169], [20, 0, 0, 63, 0]]
[[14189, 230, 251, 169], [20, 0, 63, 1]]
[[14041, 230, 704], [20, 0, 0]]
[[14020, 251, 170, 399], [20, 63, 0, 0]]
[[14020, 0, 251, 169, 399], [20, 0, 63, 0, 0]]
[[14020, 251, 169, 399], [20, 63, 1, 0]]
[[14020, 251, 170, 399], [20, 63, 0, 0]]
[[14020, 0, 251, 169, 399], [20, 0, 63, 0, 0]]
[[14020, 251, 169, 399], [20, 63, 1, 0]]
[[13960, 230, 323, 399], [20, 0, 63, 0]]
[[13960, 230, 323, 399], [20, 0, 63, 0]]
[[13959, 1, 230, 322, 399], [20, 0, 0, 63, 0]]
[[13959, 1, 230, 322, 399], [20, 0, 0, 63, 0]]
[[14588, 322], [21, 64]]
[[14588, 322], [21, 64]]
[[13885, 323, 704], [20, 63, 0]]
[[13885, 323, 704], [20, 63, 0]]
[[13884, 1, 322, 704], [20, 0, 63, 0]]
[[13884, 1, 322, 704], [20, 0, 63, 0]]
[[13872, 704, 399], [20, 0, 0]]
[[13790, 230, 251, 170, 399], [20, 0, 63, 0, 0]]
[[13790, 0, 230, 251, 169, 399], [20, 0, 0, 63, 0, 0]]
[[13790, 230, 251, 169, 399], [20, 0, 63, 1, 0]]
[[13790, 230, 251, 170, 399], [20, 0, 63, 0, 0]]
[[13790, 0, 230, 251, 169, 399], [20, 0, 0, 63, 0, 0]]
[[13790, 230, 251, 169, 399], [20, 0, 63, 1, 0]]
[[13715, 251, 170, 704], [20, 63, 0, 0]]
[[13715, 0, 251, 169, 704], [20, 0, 63, 0, 0]]
[[13715, 251, 169, 704], [20, 63, 1, 0]]
[[13715, 251, 170, 704], [20, 63, 0, 0]]
[[13715, 0, 251, 169, 704], [20, 0, 63, 0, 0]]
[[13715, 251, 169, 704], [20, 63, 1, 0]]
[[14358, 230, 322], [21, 0, 64]]
[[14358, 230, 322], [21, 0, 64]]
[[13658, 95, 931], [20, 63, 0]]
[[13658, 0, 95, 930], [20, 0, 63, 0]]
[[13658, 95, 930], [20, 63, 1]]
[[13658, 95, 931], [20, 63, 0]]
[[13658, 80, 0, 761], [20, 63, 0, 0]]
[[13658, 80, 761], [20, 78, 170]]
[[13658, 0, 95, 930], [20, 0, 63, 0]]
[[13658, 95, 930], [20, 63, 1]]
[[13658, 0, 80, 0, 761], [20, 0, 63, 0, 0]]
[[13658, 80, 0, 761], [20, 63, 0, 0]]
[[13658, 0, 80, 761], [20, 0, 78, 169]]
[[13658, 80, 761], [20, 78, 170]]
[[13658, 80, 0, 761], [20, 63, 0, 0]]
[[13658, 80, 761], [20, 78, 170]]
[[13658, 0, 80, 0, 761], [20, 0, 63, 0, 0]]
[[13658, 80, 0, 761], [20, 63, 0, 0]]
[[13658, 0, 80, 761], [20, 0, 78, 169]]
[[13658, 80, 761], [20, 78, 170]]
[[13655, 230, 323, 704], [20, 0, 63, 0]]
[[13655, 230, 323, 704], [20, 0, 63, 0]]
[[13654, 1, 230, 322, 704], [20, 0, 0, 63, 0]]
[[13654, 1, 230, 322, 704], [20, 0, 0, 63, 0]]
[[13648, 1327], [20, 0]]
[[13642, 230, 704, 399], [20, 0, 0, 0]]
[[14189, 322, 399], [21, 64, 0]]
[[14189, 322, 399], [21, 64, 0]]
[[13959, 230, 322, 399], [21, 0, 64, 0]]
[[13959, 230, 322, 399], [21, 0, 64, 0]]
[[13884, 322, 704], [21, 64, 0]]
[[13884, 322, 704], [21, 64, 0]]
[[13654, 230, 322, 704], [21, 0, 64, 0]]
[[13654, 230, 322, 704], [21, 0, 64, 0]]
[[13803, 932], [33, 227]]
[[13803, 0, 932], [33, 0, 225]]
[[13803, 932], [33, 227]]
[[13573, 230, 932], [33, 0, 227]]
[[13573, 0, 230, 932], [33, 0, 0, 225]]
[[13573, 230, 932], [33, 0, 227]]
[[14912, 0], [65, 18]]
[[14910, 2, 0], [65, 0, 18]]
[[14682, 230, 0], [65, 0, 18]]
[[14680, 2, 230, 0], [65, 0, 0, 18]]
[[14670, 0, 242], [65, 18, 0]]
[[14670, 0, 0, 240], [65, 0, 18, 0]]
[[14670, 0, 240], [65, 18, 2]]
[[14513, 0, 399], [65, 18, 0]]
[[14511, 2, 0, 399], [65, 0, 18, 0]]
[[14910, 0], [67, 18]]
[[14440, 230, 0, 242], [65, 0, 18, 0]]
[[14440, 0, 230, 0, 240], [65, 0, 0, 18, 0]]
[[14440, 230, 0, 240], [65, 0, 18, 2]]
[[14283, 230, 0, 399], [65, 0, 18, 0]]
[[14281, 2, 230, 0, 399], [65, 0, 0, 18, 0]]
[[14271, 0, 242, 399], [65, 18, 0, 0]]
[[14271, 0, 0, 240, 399], [65, 0, 18, 0, 0]]
[[14271, 0, 240, 399], [65, 18, 2, 0]]
[[14680, 230, 0], [67, 0, 18]]
[[14208, 0, 704], [65, 18, 0]]
[[14206, 2, 0, 704], [65, 0, 18, 0]]
[[14511, 0, 399], [67, 18, 0]]
[[14041, 230, 0, 242, 399], [65, 0, 18, 0, 0]]
[[14041, 0, 230, 0, 240, 399], [65, 0, 0, 18, 0, 0]]
[[14041, 230, 0, 240, 399], [65, 0, 18, 2, 0]]
[[13978, 230, 0, 704], [65, 0, 18, 0]]
[[13976, 2, 230, 0, 704], [65, 0, 0, 18, 0]]
[[13966, 0, 242, 704], [65, 18, 0, 0]]
[[13966, 0, 0, 240, 704], [65, 0, 18, 0, 0]]
[[13966, 0, 240, 704], [65, 18, 2, 0]]
[[14281, 230, 0, 399], [67, 0, 18, 0]]
[[13809, 0, 704, 399], [65, 18, 0, 0]]
[[13807, 2, 0, 704, 399], [65, 0, 18, 0, 0]]
[[14206, 0, 704], [67, 18, 0]]
[[13753, 0, 1159], [65, 18, 0]]
[[13753, 0, 0, 1157], [65, 0, 18, 0]]
[[13753, 0, 1157], [65, 18, 2]]
[[13738, 0, 15, 932], [65, 18, 0, 0]]
[[13738, 0, 0, 15, 932], [65, 0, 18, 0, 0]]
[[13738, 0, 15, 932], [65, 18, 0, 0]]
[[13736, 230, 0, 242, 704], [65, 0, 18, 0, 0]]
[[13736, 0, 230, 0, 240, 704], [65, 0, 0, 18, 0, 0]]
[[13736, 230, 0, 240, 704], [65, 0, 18, 2, 0]]
[[13585, 0, 1327], [65, 18, 0]]
[[13583, 2, 0, 1327], [65, 0, 18, 0]]
[[13579, 230, 0, 704, 399], [65, 0, 18, 0, 0]]
[[13577, 2, 230, 0, 704, 399], [65, 0, 0, 18, 0, 0]]
[[13567, 0, 242, 704, 399], [65, 18, 0, 0, 0]]
[[13567, 0, 0, 240, 704, 399], [65, 0, 18, 0, 0, 0]]
[[13567, 0, 240, 704, 399], [65, 18, 2, 0, 0]]
[[13976, 230, 0, 704], [67, 0, 18, 0]]
[[13523, 230, 0, 1159], [65, 0, 18, 0]]
[[13523, 0, 230, 0, 1157], [65, 0, 0, 18, 0]]
[[13523, 230, 0, 1157], [65, 0, 18, 2]]
[[13508, 230, 0, 15, 932], [65, 0, 18, 0, 0]]
[[13508, 0, 230, 0, 15, 932], [65, 0, 0, 18, 0, 0]]
[[13508, 230, 0, 15, 932], [65, 0, 18, 0, 0]]
[[13807, 0, 704, 399], [67, 18, 0, 0]]
[[13583, 0, 1327], [67, 18, 0]]
[[13577, 230, 0, 704, 399], [67, 0, 18, 0, 0]]
[[14910, 2], [83, 0]]
[[14910, 2], [83, 0]]
[[14682, 230], [83, 0]]
[[14682, 230], [83, 0]]
[[14680, 2, 230], [83, 0, 0]]
[[14680, 2, 230], [83, 0, 0]]
[[14670, 242], [83, 0]]
[[14670, 0, 240], [83, 0, 0]]
[[14670, 240], [83, 2]]
[[14670, 242], [83, 0]]
[[14670, 0, 240], [83, 0, 0]]
[[14670, 240], [83, 2]]
[[14513, 399], [83, 0]]
[[14513, 399], [83, 0]]
[[14511, 2, 399], [83, 0, 0]]
[[14511, 2, 399], [83, 0, 0]]
[[14440, 230, 242], [83, 0, 0]]
[[14440, 0, 230, 240], [83, 0, 0, 0]]
[[14440, 230, 240], [83, 0, 2]]
[[14440, 230, 242], [83, 0, 0]]
[[14440, 0, 230, 240], [83, 0, 0, 0]]
[[14440, 230, 240], [83, 0, 2]]
[[14680, 230], [85, 0]]
[[14680, 230], [85, 0]]
[[14283, 230, 399], [83, 0, 0]]
[[14283, 230, 399], [83, 0, 0]]
[[14281, 2, 230, 399], [83, 0, 0, 0]]
[[14281, 2, 230, 399], [83, 0, 0, 0]]
[[14271, 242, 399], [83, 0, 0]]
[[14271, 0, 240, 399], [83, 0, 0, 0]]
[[14271, 240, 399], [83, 2, 0]]
[[14271, 242, 399], [83, 0, 0]]
[[14271, 0, 240, 399], [83, 0, 0, 0]]
[[14271, 240, 399], [83, 2, 0]]
[[13738, 0, 932], [80, 18, 227]]
[[13738, 0, 0, 932], [80, 0, 18, 225]]
[[13738, 0, 932], [80, 18, 227]]
[[14208, 704], [83, 0]]
[[14208, 704], [83, 0]]
[[14206, 2, 704], [83, 0, 0]]
[[14206, 2, 704], [83, 0, 0]]
[[13658, 0, 20, 761], [80, 15, 63, 171]]
[[13658, 0, 0, 20, 761], [80, 0, 15, 63, 171]]
[[13658, 0, 20, 761], [80, 15, 63, 171]]
[[13658, 0, 0, 2, 761], [80, 0, 15, 63, 171]]
[[13658, 0, 2, 761], [80, 15, 81, 171]]
[[13658, 0, 0, 0, 2, 761], [80, 0, 0, 15, 63, 171]]
[[13658, 0, 0, 2, 761], [80, 0, 15, 63, 171]]
[[13658, 0, 0, 2, 761], [80, 0, 15, 81, 171]]
[[13658, 0, 2, 761], [80, 15, 81, 171]]
[[14511, 399], [85, 0]]
[[14511, 399], [85, 0]]
[[14041, 230, 242, 399], [83, 0, 0, 0]]
[[14041, 0, 230, 240, 399], [83, 0, 0, 0, 0]]
[[14041, 230, 240, 399], [83, 0, 2, 0]]
[[14041, 230, 242, 399], [83, 0, 0, 0]]
[[14041, 0, 230, 240, 399], [83, 0, 0, 0, 0]]
[[14041, 230, 240, 399], [83, 0, 2, 0]]
[[13508, 230, 0, 932], [80, 0, 18, 227]]
[[13508, 0, 230, 0, 932], [80, 0, 0, 18, 225]]
[[13508, 230, 0, 932], [80, 0, 18, 227]]
[[13978, 230, 704], [83, 0, 0]]
[[13978, 230, 704], [83, 0, 0]]
[[13976, 2, 230, 704], [83, 0, 0, 0]]
[[13976, 2, 230, 704], [83, 0, 0, 0]]
[[13966, 242, 704], [83, 0, 0]]
[[13966, 0, 240, 704], [83, 0, 0, 0]]
[[13966, 240, 704], [83, 2, 0]]
[[13966, 242, 704], [83, 0, 0]]
[[13966, 0, 240, 704], [83, 0, 0, 0]]
[[13966, 240, 704], [83, 2, 0]]
[[14281, 230, 399], [85, 0, 0]]
[[14281, 230, 399], [85, 0, 0]]
[[14206, 704], [85, 0]]
[[14206, 704], [85, 0]]
[[13809, 704, 399], [83, 0, 0]]
[[13809, 704, 399], [83, 0, 0]]
[[13807, 2, 704, 399], [83, 0, 0, 0]]
[[13807, 2, 704, 399], [83, 0, 0, 0]]
[[13753, 1159], [83, 0]]
[[13753, 0, 1157], [83, 0, 0]]
[[13753, 1157], [83, 2]]
[[13753, 1159], [83, 0]]
[[13753, 0, 1157], [83, 0, 0]]
[[13753, 1157], [83, 2]]
[[13738, 15, 932], [83, 0, 0]]
[[13738, 0, 15, 932], [83, 0, 0, 0]]
[[13738, 15, 932], [83, 0, 0]]
[[13738, 15, 932], [83, 0, 0]]
[[13738, 0, 15, 932], [83, 0, 0, 0]]
[[13738, 15, 932], [83, 0, 0]]
[[13736, 230, 242, 704], [83, 0, 0, 0]]
[[13736, 0, 230, 240, 704], [83, 0, 0, 0, 0]]
[[13736, 230, 240, 704], [83, 0, 2, 0]]
[[13736, 230, 242, 704], [83, 0, 0, 0]]
[[13736, 0, 230, 240, 704], [83, 0, 0, 0, 0]]
[[13736, 230, 240, 704], [83, 0, 2, 0]]
[[13976, 230, 704], [85, 0, 0]]
[[13976, 230, 704], [85, 0, 0]]
[[13585, 1327], [83, 0]]
[[13585, 1327], [83, 0]]
[[13583, 2, 1327], [83, 0, 0]]
[[13583, 2, 1327], [83, 0, 0]]
[[13579, 230, 704, 399], [83, 0, 0, 0]]
[[13579, 230, 704, 399], [83, 0, 0, 0]]
[[13577, 2, 230, 704, 399], [83, 0, 0, 0, 0]]
[[13577, 2, 230, 704, 399], [83, 0, 0, 0, 0]]
[[13567, 242, 704, 399], [83, 0, 0, 0]]
[[13567, 0, 240, 704, 399], [83, 0, 0, 0, 0]]
[[13567, 240, 704, 399], [83, 2, 0, 0]]
[[13567, 242, 704, 399], [83, 0, 0, 0]]
[[13567, 0, 240, 704, 399], [83, 0, 0, 0, 0]]
[[13567, 240, 704, 399], [83, 2, 0, 0]]
[[13523, 230, 1159], [83, 0, 0]]
[[13523, 0, 230, 1157], [83, 0, 0, 0]]
[[13523, 230, 1157], [83, 0, 2]]
[[13523, 230, 1159], [83, 0, 0]]
[[13523, 0, 230, 1157], [83, 0, 0, 0]]
[[13523, 230, 1157], [83, 0, 2]]
[[13508, 230, 15, 932], [83, 0, 0, 0]]
[[13508, 0, 230, 15, 932], [83, 0, 0, 0, 0]]
[[13508, 230, 15, 932], [83, 0, 0, 0]]
[[13508, 230, 15, 932], [83, 0, 0, 0]]
[[13508, 0, 230, 15, 932], [83, 0, 0, 0, 0]]
[[13508, 230, 15, 932], [83, 0, 0, 0]]
[[13807, 704, 399], [85, 0, 0]]
[[13807, 704, 399], [85, 0, 0]]
[[13583, 1327], [85, 0]]
[[13583, 1327], [85, 0]]
[[13577, 230, 704, 399], [85, 0, 0, 0]]
[[13577, 230, 704, 399], [85, 0, 0, 0]]
[[13658, 20, 931], [95, 63, 228]]
[[13658, 0, 20, 930], [95, 0, 63, 227]]
[[13658, 20, 930], [95, 63, 229]]
[[13658, 0, 2, 931], [95, 0, 63, 228]]
[[13658, 2, 931], [95, 81, 228]]
[[13658, 20, 761], [95, 63, 398]]
[[13658, 0, 0, 2, 930], [95, 0, 0, 63, 227]]
[[13658, 0, 2, 930], [95, 0, 63, 229]]
[[13658, 0, 2, 930], [95, 0, 81, 227]]
[[13658, 2, 930], [95, 81, 229]]
[[13658, 0, 20, 761], [95, 0, 63, 396]]
[[13658, 20, 761], [95, 63, 398]]
[[13658, 0, 2, 761], [95, 0, 63, 398]]
[[13658, 2, 761], [95, 81, 398]]
[[13658, 0, 0, 2, 761], [95, 0, 0, 63, 396]]
[[13658, 0, 2, 761], [95, 0, 63, 398]]
[[13658, 0, 2, 761], [95, 0, 81, 396]]
[[13658, 2, 761], [95, 81, 398]]
[[13738, 932], [98, 227]]
[[13738, 0, 932], [98, 0, 225]]
[[13738, 932], [98, 227]]
[[13738, 932], [98, 227]]
[[13738, 0, 932], [98, 0, 225]]
[[13738, 932], [98, 227]]
[[13508, 230, 932], [98, 0, 227]]
[[13508, 0, 230, 932], [98, 0, 0, 225]]
[[13508, 230, 932], [98, 0, 227]]
[[13508, 230, 932], [98, 0, 227]]
[[13508, 0, 230, 932], [98, 0, 0, 225]]
[[13508, 230, 932], [98, 0, 227]]
[[13678, 0, 761], [143, 15, 171]]
[[13678, 0, 0, 761], [143, 0, 15, 171]]
[[13678, 0, 761], [143, 15, 171]]
[[13660, 18, 0, 761], [143, 0, 15, 171]]
[[13660, 0, 18, 0, 761], [143, 0, 0, 15, 171]]
[[13660, 18, 0, 761], [143, 0, 15, 171]]
[[13658, 0, 0, 761], [145, 18, 15, 171]]
[[13658, 0, 0, 0, 761], [145, 0, 18, 15, 171]]
[[13658, 0, 0, 761], [145, 18, 15, 171]]
[[13678, 931], [158, 228]]
